1 0.313432835821
2 0.320099255583
3 0.290322580645
4 0.184538653367
5 0.01
6 0.00753768844221
7 0.0100250626566
8 0.0074812967581
9 0.00753768844221
10 0.0124688279302
11 0.0149253731343
12 0.0100250626566
13 0.00251889168766
14 0.01
15 0.0124688279302
16 0.00502512562814
17 0.01
18 0.0100250626566
19 0.00751879699248
20 0.00751879699248
21 0.01
22 0.01
23 0.00753768844221
24 0.0124688279302
25 0.00501253132832
26 0.00751879699248
27 0.00751879699248
28 0.0124688279302
29 0.0149253731343
30 0.00502512562814
31 0.0149253731343
32 0.00753768844221
33 0.00751879699248
34 0.00502512562814
35 0.00751879699248
36 0.01
37 0.0124688279302
38 0.0124688279302
39 0.01
40 0.00751879699248
41 0.00753768844221
42 0.0100250626566
43 0.0075
44 0.0075
45 0.0149625935162
46 0.00753768844221
47 0.0075
48 0.00503778337531
49 0.0100250626566
50 0.00502512562814
51 0.00997506234414
52 0.0149253731343
53 0.00502512562814
54 0.00502512562814
55 0.0100250626566
56 0.00751879699248
57 0.0075
58 0.0100250626566
59 0.01
60 0.00251889168766
61 0.01
62 0.01
63 0.005
64 0.00753768844221
65 0.00751879699248
66 0.0075
67 0.00753768844221
68 0.00501253132832
69 0.0125
70 0.00753768844221
71 0.00997506234414
72 0.01
73 0.00751879699248
74 0.00751879699248
75 0.01
76 0.0100250626566
77 0.0124688279302
78 0.00751879699248
79 0.0124688279302
80 0.01
81 0.00751879699248
82 0.00751879699248
83 0.0075
84 0.00253164556962
85 0.01
86 0.0124688279302
87 0.0075
88 0.00753768844221
89 0.0075
90 0.00753768844221
91 0.0075
92 0.00753768844221
93 0.00501253132832
94 0.00753768844221
95 0.01
96 0.0100250626566
97 0.00502512562814
98 0.01
99 0.0100250626566
100 0.00502512562814
101 0.0075
102 0.00251889168766
103 0.00753768844221
104 0.0124688279302
105 0.00753768844221
106 0.00997506234414
107 0.0124378109453
108 0.00751879699248
109 0.00751879699248
110 0.00502512562814
111 0.00753768844221
112 0.0124688279302
113 0.00751879699248
114 0.0149253731343
115 0.00502512562814
116 0.01
117 0.00751879699248
118 0.00753768844221
119 0.00503778337531
120 0.00997506234414
121 0.00503778337531
122 0.0124688279302
123 0.00751879699248
124 0.00501253132832
125 0.0100250626566
126 0.01
127 0.00250626566416
128 0.00502512562814
129 0.01
130 0.00751879699248
131 0.00502512562814
132 0.0124688279302
133 0.01
134 0.00751879699248
135 0.0125
136 0.00997506234414
137 0.00751879699248
138 0.0124688279302
139 0.0174129353234
140 0.00751879699248
141 0.0075
142 0.0124688279302
143 0.01
144 0.0124688279302
145 0.00753768844221
146 0.0149625935162
147 0.00751879699248
148 0.00751879699248
149 0.00502512562814
150 0.00751879699248
151 0.0075
152 0.0100502512563
153 0.01
154 0.0075
155 0.00753768844221
156 0.00251256281407
157 0.01
158 0.00753768844221
159 0.01
160 0.0149253731343
161 0.0124688279302
162 0.0125313283208
163 0.00501253132832
164 0.0100250626566
165 0.0075
166 0.00503778337531
167 0.0075
168 0.0149253731343
169 0.00751879699248
170 0.01
171 0.00503778337531
172 0.0124688279302
173 0.01
174 0.0100250626566
175 0.0173697270471
176 0.0075
177 0.00753768844221
178 0.00502512562814
179 0.00997506234414
