1 0.190164818497
2 0.196273888571
3 0.200225824935
4 0.20199534868
5 0.202121743234
6 0.202037480198
7 0.202121743234
8 0.201700428056
9 0.201582459807
10 0.202104890627
11 0.202395598099
12 0.202066972261
13 0.201531901985
14 0.202096464323
15 0.202264990394
16 0.201936364556
17 0.202104890627
18 0.202151235296
19 0.202193366814
20 0.201805756851
21 0.201354949611
22 0.202003774984
23 0.202530418956
24 0.201919511948
25 0.201864740975
26 0.201784691092
27 0.202024840743
28 0.201915298797
29 0.202096464323
30 0.202315548215
31 0.201936364556
32 0.202378745492
33 0.202395598099
34 0.202037480198
35 0.202290269305
36 0.202130169537
37 0.202083824868
38 0.202530418956
39 0.202020627591
40 0.202336613974
41 0.202618895143
42 0.202437729617
43 0.202425090161
44 0.202311335064
45 0.201986922377
46 0.202311335064
47 0.202071185412
48 0.202012201288
49 0.202130169537
50 0.202353466581
51 0.202437729617
52 0.20225656409
53 0.201864740975
54 0.201607738717
55 0.201843675217
56 0.201426573191
57 0.201582459807
58 0.201645657083
59 0.201654083387
60 0.201574033503
61 0.201485557316
62 0.202037480198
63 0.20244615592
64 0.202298695608
65 0.202429303313
66 0.202307121912
67 0.202269203546
68 0.202286056153
69 0.201965856618
70 0.20166250969
71 0.202218645724
72 0.201982709225
73 0.20185210152
74 0.202142808993
75 0.202029053895
76 0.202155448448
77 0.201835248913
78 0.201649870235
79 0.202201793117
80 0.202382958644
81 0.202029053895
82 0.202357679733
83 0.202222858876
84 0.202345040278
85 0.202290269305
86 0.201927938252
87 0.201729920119
88 0.201713067512
89 0.201759412181
90 0.202109103778
91 0.202500926893
92 0.202534632108
93 0.202218645724
94 0.201818396306
95 0.201940577707
96 0.202134382689
97 0.202125956385
98 0.202109103778
99 0.201569820351
100 0.201426573191
101 0.201906872493
102 0.202125956385
103 0.202142808993
104 0.202117530082
105 0.202142808993
106 0.202340827126
107 0.202239711483
108 0.202370319188
109 0.202273416698
110 0.202273416698
111 0.202273416698
112 0.2019237251
113 0.201557180896
114 0.201679362297
115 0.201574033503
116 0.201713067512
117 0.201300178638
118 0.202071185412
119 0.20218494051
120 0.202138595841
121 0.202079611716
122 0.202045906502
123 0.202037480198
124 0.201839462065
125 0.202079611716
126 0.202029053895
127 0.2019237251
128 0.20189844619
129 0.201915298797
130 0.20189844619
131 0.201864740975
132 0.201877380431
133 0.201750985878
134 0.20170885436
135 0.202037480198
136 0.202505140045
137 0.202290269305
138 0.202404024403
139 0.202370319188
140 0.202395598099
141 0.202404024403
142 0.202408237554
143 0.20223128518
144 0.202058545957
145 0.20211331693
146 0.202323974519
147 0.202180727359
148 0.20204169335
149 0.201713067512
150 0.201742559574
151 0.201822609458
152 0.202062759109
153 0.202437729617
154 0.202269203546
155 0.202096464323
156 0.202092251171
157 0.202425090161
158 0.202530418956
159 0.202463008527
160 0.202264990394
161 0.202382958644
162 0.202437729617
163 0.202332400822
164 0.202147022144
165 0.202007988136
166 0.202218645724
167 0.202437729617
168 0.201965856618
169 0.201755199029
170 0.201965856618
171 0.202201793117
172 0.20185210152
173 0.202096464323
174 0.202323974519
175 0.202661026661
176 0.202298695608
177 0.20242087701
