1 0.141983214803
2 0.14855151842
3 0.1534893323
4 0.155764434258
5 0.156000370757
6 0.156008797061
7 0.155979304998
8 0.155979304998
9 0.155945599784
10 0.155945599784
11 0.156232094105
12 0.156017223364
13 0.156328996596
14 0.156257373016
15 0.156282651926
16 0.156253159864
17 0.156442751694
18 0.155899255115
19 0.156531227881
20 0.156674475041
21 0.15667026189
22 0.156569146247
23 0.156590212006
24 0.156556506792
25 0.156556506792
26 0.156556506792
27 0.156864066871
28 0.156729246014
29 0.15681350905
30 0.156851427416
31 0.156653409282
32 0.156897772085
33 0.156687114497
34 0.156598638309
35 0.156628130372
36 0.156185749435
37 0.156527014729
38 0.156421685935
39 0.156493309515
40 0.156758738077
41 0.156139404766
42 0.156518588426
43 0.1566955408
44 0.156636556675
45 0.156581785702
46 0.156678688193
47 0.156590212006
48 0.156644982979
49 0.156666048738
50 0.156573359399
51 0.156703967104
52 0.156855640568
53 0.156906198389
54 0.15674188547
55 0.156666048738
56 0.156737672318
57 0.156788230139
58 0.156455391149
59 0.156750311773
60 0.15667026189
61 0.156864066871
62 0.157129495433
63 0.156897772085
64 0.157104216522
65 0.157104216522
66 0.156859853719
67 0.156703967104
68 0.156762951229
69 0.156615490916
70 0.156733459166
71 0.156758738077
72 0.156800869595
73 0.15676716438
74 0.156598638309
75 0.156573359399
76 0.156607064613
77 0.156762951229
78 0.156674475041
79 0.156590212006
80 0.156784016987
81 0.156644982979
82 0.156771377532
83 0.156729246014
84 0.156425899087
85 0.156725032863
86 0.156556506792
87 0.156725032863
88 0.156847214264
89 0.156421685935
90 0.156775590684
91 0.156619704068
92 0.156421685935
93 0.1566955408
94 0.156687114497
95 0.156585998854
96 0.156834574809
97 0.156619704068
98 0.156986248273
99 0.156935690451
100 0.156792443291
101 0.156729246014
102 0.156666048738
103 0.156556506792
104 0.1569314773
105 0.156750311773
106 0.156834574809
107 0.156805082746
108 0.156809295898
109 0.156784016987
110 0.156590212006
111 0.156619704068
112 0.156569146247
113 0.156653409282
114 0.156649196131
115 0.156493309515
116 0.15721797162
117 0.156758738077
118 0.156594425158
119 0.156830361657
120 0.156960969362
121 0.156977821969
122 0.156788230139
123 0.156939903603
124 0.156918837844
125 0.156897772085
126 0.156986248273
127 0.157066298156
128 0.156977821969
129 0.156876706326
130 0.156830361657
131 0.156910411541
132 0.15674188547
133 0.156758738077
134 0.156644982979
135 0.156805082746
136 0.156678688193
137 0.157019953487
138 0.156952543058
139 0.157243250531
140 0.156826148505
141 0.156771377532
142 0.156691327648
143 0.156855640568
144 0.156910411541
145 0.156834574809
146 0.15667026189
147 0.156619704068
148 0.156653409282
149 0.156864066871
150 0.157049445549
151 0.15700310088
152 0.156872493175
153 0.156864066871
154 0.156699753952
155 0.156855640568
156 0.15683878796
157 0.156788230139
158 0.156893558934
159 0.156826148505
160 0.15674188547
161 0.156914624692
162 0.156750311773
163 0.156889345782
164 0.156712393407
165 0.156632343524
166 0.15681350905
167 0.156889345782
168 0.156897772085
169 0.156948329907
170 0.156843001112
171 0.15676716438
172 0.156805082746
173 0.156636556675
174 0.157057871853
175 0.156990461424
176 0.156387980721
