1 0.187995045334
2 0.19456334895
3 0.199745525633
4 0.201418146887
5 0.201940577707
6 0.202079611716
7 0.201826822609
8 0.202079611716
9 0.202075398564
10 0.202286056153
11 0.202366106037
12 0.201999561832
13 0.20185210152
14 0.20185210152
15 0.201738346422
16 0.201957430314
17 0.201666722842
18 0.201974282922
19 0.202307121912
20 0.202323974519
21 0.202273416698
22 0.202168087903
23 0.202593616232
24 0.202429303313
25 0.202151235296
26 0.202269203546
27 0.202227072028
28 0.202176514207
29 0.201902659341
30 0.201750985878
31 0.202227072028
32 0.202298695608
33 0.202201793117
34 0.202307121912
35 0.202218645724
36 0.202176514207
37 0.202269203546
38 0.202071185412
39 0.202488287438
40 0.20204169335
41 0.202104890627
42 0.202332400822
43 0.201957430314
44 0.202243924635
45 0.202323974519
46 0.202399811251
47 0.201797330547
48 0.202117530082
49 0.202559911018
50 0.202690518723
51 0.202559911018
52 0.202559911018
53 0.202665239813
54 0.202404024403
55 0.202193366814
56 0.202088038019
57 0.202012201288
58 0.20211331693
59 0.202429303313
60 0.202290269305
61 0.202269203546
62 0.201902659341
63 0.202243924635
64 0.202534632108
65 0.202534632108
66 0.202509353197
67 0.202088038019
68 0.201729920119
69 0.202408237554
70 0.201818396306
71 0.201784691092
72 0.201750985878
73 0.202088038019
74 0.202404024403
75 0.202088038019
76 0.201687788601
77 0.202071185412
78 0.20244615592
79 0.202454582224
80 0.202168087903
81 0.202142808993
82 0.202323974519
83 0.202404024403
84 0.202404024403
85 0.202062759109
86 0.2019237251
87 0.202012201288
88 0.202029053895
89 0.202045906502
90 0.202193366814
91 0.202235498332
92 0.202315548215
93 0.20234925343
94 0.202088038019
95 0.202227072028
96 0.202618895143
97 0.202315548215
98 0.202332400822
99 0.202437729617
100 0.202193366814
101 0.202353466581
102 0.201826822609
103 0.201991135529
104 0.201911085645
105 0.20204169335
106 0.201881593583
107 0.202037480198
108 0.201982709225
109 0.202168087903
110 0.202029053895
111 0.202096464323
112 0.20234925343
113 0.202016414439
114 0.202088038019
115 0.202045906502
116 0.202235498332
117 0.201826822609
118 0.202307121912
119 0.202361892885
120 0.20218494051
121 0.202277629849
122 0.202382958644
123 0.202686305571
124 0.202273416698
125 0.202239711483
126 0.202273416698
127 0.20244615592
128 0.202429303313
129 0.202273416698
130 0.201991135529
131 0.202045906502
132 0.201978496073
133 0.201982709225
134 0.202273416698
135 0.202062759109
136 0.202193366814
137 0.2025177795
138 0.202290269305
139 0.202134382689
140 0.202062759109
141 0.202029053895
142 0.20225656409
143 0.202029053895
144 0.20218494051
145 0.202534632108
146 0.202332400822
147 0.202054332805
148 0.202168087903
149 0.20223128518
150 0.2021596616
151 0.202088038019
152 0.201696214904
153 0.201620378173
154 0.2021596616
155 0.202404024403
156 0.202269203546
157 0.20225656409
158 0.201746772726
159 0.202168087903
160 0.201885806734
161 0.201957430314
162 0.202088038019
163 0.202168087903
164 0.201721493815
165 0.202138595841
166 0.202298695608
167 0.202315548215
168 0.202062759109
169 0.202012201288
170 0.201902659341
171 0.202243924635
172 0.202534632108
173 0.20218494051
174 0.202218645724
175 0.202071185412
176 0.202168087903
177 0.202088038019
