1 0.311720698254
2 0.298734177215
3 0.294554455446
4 0.2575
5 0.256281407035
6 0.260545905707
7 0.26
8 0.255639097744
9 0.26
10 0.2575
11 0.255639097744
12 0.26
13 0.255639097744
14 0.117048346056
15 0.0227848101266
16 0.0178571428571
17 0.0356234096692
18 0.0302267002519
19 0.0325814536341
20 0.0280612244898
21 0.0253807106599
22 0.0253164556962
23 0.0475
24 0.0278481012658
25 0.0227848101266
26 0.0428211586902
27 0.0302267002519
28 0.0203562340967
29 0.0252525252525
30 0.0354430379747
31 0.0178571428571
32 0.0301507537688
33 0.0253164556962
34 0.0253164556962
35 0.0353535353535
36 0.030303030303
37 0.0203562340967
38 0.0252525252525
39 0.0354430379747
40 0.0277777777778
41 0.0373134328358
42 0.030303030303
43 0.0253164556962
44 0.0329113924051
45 0.0277777777778
46 0.0252525252525
47 0.0253164556962
48 0.0378787878788
49 0.0252525252525
50 0.0253164556962
51 0.0203562340967
52 0.0228426395939
53 0.0403022670025
54 0.0350877192982
55 0.0252525252525
56 0.0277078085642
57 0.0402010050251
58 0.0278481012658
59 0.0301507537688
60 0.0226700251889
61 0.0203562340967
62 0.0329949238579
63 0.0252525252525
64 0.030303030303
65 0.0302267002519
66 0.030534351145
67 0.0252525252525
68 0.0350877192982
69 0.0252525252525
70 0.0326633165829
71 0.0378787878788
72 0.0422885572139
73 0.0302267002519
74 0.0328282828283
75 0.0403022670025
76 0.0277777777778
77 0.0229007633588
78 0.0178117048346
79 0.0302267002519
80 0.0330788804071
81 0.0153452685422
82 0.0302267002519
83 0.0275689223058
84 0.0355329949239
85 0.0227848101266
86 0.0375
87 0.0302267002519
88 0.0203562340967
89 0.0354430379747
90 0.0301507537688
91 0.0203562340967
92 0.0325814536341
93 0.0330788804071
94 0.0302267002519
95 0.0251889168766
96 0.0204081632653
97 0.0252525252525
98 0.0282051282051
99 0.015306122449
100 0.0325814536341
101 0.0326633165829
102 0.030612244898
103 0.0252525252525
104 0.0277777777778
105 0.0178571428571
106 0.035
107 0.0379746835443
108 0.0252525252525
109 0.0326633165829
110 0.0325814536341
111 0.0379746835443
112 0.0203045685279
113 0.0252525252525
114 0.0278481012658
115 0.0301507537688
116 0.0402010050251
117 0.0204081632653
118 0.0253164556962
119 0.0277078085642
120 0.0328282828283
121 0.0227848101266
122 0.0277777777778
123 0.0326633165829
124 0.0326633165829
125 0.0378787878788
126 0.0352644836272
127 0.0253164556962
128 0.0203045685279
129 0.030534351145
130 0.0375939849624
131 0.0252525252525
132 0.0253164556962
133 0.0253164556962
134 0.030612244898
135 0.020253164557
136 0.0253807106599
137 0.0227272727273
138 0.0355329949239
139 0.0253164556962
140 0.035
141 0.0278481012658
142 0.0252525252525
143 0.0405063291139
144 0.0178117048346
145 0.0204081632653
146 0.0277078085642
147 0.0380710659898
148 0.0275689223058
149 0.0251256281407
150 0.0278481012658
151 0.0277777777778
152 0.0255754475703
153 0.0348258706468
154 0.0252525252525
155 0.0278481012658
156 0.0327455919395
157 0.0178117048346
158 0.0277777777778
159 0.0228426395939
160 0.0302267002519
161 0.0255102040816
162 0.0228426395939
163 0.0252525252525
164 0.0376884422111
165 0.0254452926209
166 0.0178117048346
167 0.0278481012658
168 0.0253164556962
169 0.0279187817259
170 0.0325814536341
171 0.0327455919395
172 0.0252525252525
173 0.0380710659898
174 0.0227848101266
175 0.0327455919395
176 0.0253807106599
177 0.0277078085642
178 0.0428211586902
179 0.0204081632653
