1 0.142248643365
2 0.148703191884
3 0.154079173548
4 0.155671744919
5 0.157866796993
6 0.157892075904
7 0.157635073646
8 0.157866796993
9 0.157576089521
10 0.157736189288
11 0.157727762985
12 0.157706697226
13 0.15804796252
14 0.15800161785
15 0.166579594863
16 0.166634365836
17 0.166600660622
18 0.166676497354
19 0.16697563113
20 0.167043041559
21 0.166693349961
22 0.166470052917
23 0.166250969025
24 0.166457413462
25 0.167026188951
26 0.16645320031
27 0.166301526846
28 0.167249485995
29 0.167097812532
30 0.166512184435
31 0.167097812532
32 0.166630152685
33 0.166743907783
34 0.166979844282
35 0.166554315953
36 0.166398429337
37 0.167106238835
38 0.167043041559
39 0.16704725471
40 0.167030402103
41 0.167076746773
42 0.167051467862
43 0.167557046075
44 0.166891368095
45 0.167224207085
46 0.166752334086
47 0.166575381712
48 0.167000910041
49 0.16721156763
50 0.167295830665
51 0.166925073309
52 0.166727055175
53 0.166217263811
54 0.166250969025
55 0.166057164043
56 0.166474266069
57 0.166297313694
58 0.166625939533
59 0.166718628872
60 0.166360510971
61 0.167038828407
62 0.166929286461
63 0.166440560855
64 0.167059894166
65 0.166992483737
66 0.166874515488
67 0.167342175335
68 0.167565472379
69 0.166988270585
70 0.166920860157
71 0.16676076039
72 0.166651218443
73 0.166592234319
74 0.166701776265
75 0.16683238397
76 0.167304256969
77 0.166925073309
78 0.166486905524
79 0.166777612997
80 0.166339445212
81 0.166735481479
82 0.167986787556
83 0.16799521386
84 0.16773399845
85 0.167392733156
86 0.167645522262
87 0.167889885065
88 0.16787724561
89 0.166545889649
90 0.166722842024
91 0.166537463346
92 0.166394216185
93 0.166954565371
94 0.166971417978
95 0.166752334086
96 0.166828170818
97 0.166874515488
98 0.166899794398
99 0.168361758064
100 0.167072533621
101 0.166604873774
102 0.166937712764
103 0.166609086926
104 0.167527554013
105 0.167161009808
106 0.166701776265
107 0.168302773939
108 0.167940442887
109 0.167510701406
110 0.167755064208
111 0.16657116856
112 0.166621726381
113 0.166364724123
114 0.166301526846
115 0.167144157201
116 0.167573898682
117 0.166920860157
118 0.166764973541
119 0.168117395261
120 0.167607603896
121 0.166617513229
122 0.166600660622
123 0.166145640231
124 0.166655431595
125 0.167135730898
126 0.166933499612
127 0.167026188951
128 0.166840810273
129 0.167017762648
130 0.166958778523
131 0.167072533621
132 0.166840810273
133 0.167333749031
134 0.166748120934
135 0.166444774007
136 0.167666588021
137 0.166962991675
138 0.166967204827
139 0.167439077825
140 0.16711887829
141 0.166208837507
142 0.167312683272
143 0.166861876032
144 0.166891368095
145 0.16709359938
146 0.167321109576
147 0.167144157201
148 0.166819744514
149 0.167026188951
150 0.16671441572
151 0.16716522296
152 0.166613300078
153 0.166887154943
154 0.167131517746
155 0.167232633388
156 0.166882941791
157 0.167729785298
158 0.166887154943
159 0.166604873774
160 0.166815531363
161 0.166984057434
162 0.166693349961
163 0.166971417978
164 0.167038828407
165 0.167177862415
166 0.166579594863
167 0.166625939533
168 0.16685766288
169 0.1667860393
170 0.166916647005
171 0.166225690114
172 0.166491118676
173 0.16659644747
174 0.167207354478
175 0.166701776265
