1 0.107207860056
2 0.113662408575
3 0.118381138562
4 0.120761569315
5 0.122804947925
6 0.122876571506
7 0.122691192828
8 0.12272068489
9 0.122821800533
10 0.122771242711
11 0.122868145202
12 0.1229819003
13 0.123217836799
14 0.123188344737
15 0.126065927399
16 0.128876099633
17 0.130405473727
18 0.131690485018
19 0.131547237858
20 0.13138713809
21 0.131302875055
22 0.131248104082
23 0.131395564394
24 0.131854797937
25 0.131496680036
26 0.131736829688
27 0.131399777546
28 0.131450335367
29 0.131163841046
30 0.131728403384
31 0.131842158482
32 0.131715763929
33 0.131231251475
34 0.131513532643
35 0.131635714045
36 0.131235464626
37 0.131517745795
38 0.131391351242
39 0.131429269608
40 0.131530385251
41 0.131420843304
42 0.13169469817
43 0.131450335367
44 0.131711550777
45 0.131500893188
46 0.131745255991
47 0.131644140349
48 0.131703124473
49 0.131660992956
50 0.131088004314
51 0.131425056456
52 0.131509319492
53 0.131210185716
54 0.130940544002
55 0.131210185716
56 0.131319727662
57 0.131631500893
58 0.131639927197
59 0.131366072331
60 0.130805723145
61 0.130801509994
62 0.131572516768
63 0.13150510634
64 0.131521958947
65 0.131580943072
66 0.131783174357
67 0.131715763929
68 0.131635714045
69 0.131703124473
70 0.131345006573
71 0.131273382992
72 0.131345006573
73 0.131635714045
74 0.132023324008
75 0.130919478243
76 0.131378711787
77 0.131492466885
78 0.131892716303
79 0.131749469143
80 0.131319727662
81 0.131311301358
82 0.131121709528
83 0.131513532643
84 0.131728403384
85 0.131382924938
86 0.131168054198
87 0.130894199333
88 0.132031750312
89 0.131871650544
90 0.131774748054
91 0.131749469143
92 0.131513532643
93 0.131875863696
94 0.131732616536
95 0.131972766187
96 0.131631500893
97 0.131812666419
98 0.131618861438
99 0.131551451009
100 0.131446122215
101 0.131201759412
102 0.131307088207
103 0.13119754626
104 0.131104856921
105 0.131155414743
106 0.131652566652
107 0.131660992956
108 0.131543024706
109 0.1316483535
110 0.131580943072
111 0.131947487276
112 0.131656779804
113 0.131660992956
114 0.131366072331
115 0.131517745795
116 0.131521958947
117 0.131248104082
118 0.131471401126
119 0.131302875055
120 0.131517745795
121 0.131205972564
122 0.131286022448
123 0.132663723078
124 0.13124389093
125 0.131374498635
126 0.131656779804
127 0.131589369375
128 0.131370285483
129 0.131176480502
130 0.131252317233
131 0.131450335367
132 0.132052816071
133 0.131943274125
134 0.131863224241
135 0.131534598402
136 0.131783174357
137 0.131850584785
138 0.131479827429
139 0.13162307459
140 0.131142775287
141 0.131104856921
142 0.131340793421
143 0.131479827429
144 0.131551451009
145 0.131736829688
146 0.131736829688
147 0.131231251475
148 0.131374498635
149 0.13143348276
150 0.131698911322
151 0.131631500893
152 0.131867437393
153 0.13195591358
154 0.131484040581
155 0.131770534902
156 0.131846371634
157 0.13150510634
158 0.131340793421
159 0.131425056456
160 0.131134348984
161 0.131416630153
162 0.131644140349
163 0.131736829688
164 0.131559877313
165 0.131602008831
166 0.131319727662
167 0.131500893188
168 0.131867437393
169 0.131875863696
170 0.131547237858
171 0.131614648286
172 0.131939060973
173 0.131715763929
174 0.131715763929
175 0.131408203849
176 0.131496680036
177 0.131496680036
