1 0.105998685497
2 0.112436381408
3 0.117976675992
4 0.118697124945
5 0.119194276855
6 0.119143719033
7 0.119227982069
8 0.120213859584
9 0.120344467289
10 0.120711011493
11 0.120841619198
12 0.120500353905
13 0.120723650949
14 0.120614109003
15 0.120525632815
16 0.120841619198
17 0.120727864101
18 0.12070258519
19 0.120786848225
20 0.120883750716
21 0.120997505814
22 0.12065624052
23 0.120580403788
24 0.120479288146
25 0.120614109003
26 0.120593043244
27 0.120681519431
28 0.120883750716
29 0.120706798342
30 0.120622535306
31 0.120803700833
32 0.120711011493
33 0.120475074994
34 0.120841619198
35 0.120736290404
36 0.120479288146
37 0.120289696316
38 0.120352893593
39 0.120378172503
40 0.12010853079
41 0.120715224645
42 0.120580403788
43 0.120550911726
44 0.120711011493
45 0.120706798342
46 0.120470861842
47 0.120264417405
48 0.12082055344
49 0.121031211028
50 0.121056489939
51 0.120765782467
52 0.120660453672
53 0.120736290404
54 0.120685732583
55 0.120841619198
56 0.120824766591
57 0.120470861842
58 0.120816340288
59 0.12115339243
60 0.12082055344
61 0.1201338097
62 0.120239138495
63 0.120188580673
64 0.120795274529
65 0.120997505814
66 0.120972226904
67 0.120841619198
68 0.120525632815
69 0.120209646432
70 0.12039502511
71 0.120352893593
72 0.12065624052
73 0.1201338097
74 0.120491927601
75 0.120437156628
76 0.120597256396
77 0.120213859584
78 0.120706798342
79 0.120972226904
80 0.120753143011
81 0.120534059119
82 0.120534059119
83 0.120483501298
84 0.120689945735
85 0.120386598807
86 0.12065624052
87 0.120576190637
88 0.120445582932
89 0.120689945735
90 0.120192793825
91 0.120525632815
92 0.121031211028
93 0.121014358421
94 0.120850045502
95 0.120786848225
96 0.120475074994
97 0.120542485422
98 0.120622535306
99 0.120580403788
100 0.120525632815
101 0.12063096161
102 0.1203697462
103 0.120748929859
104 0.120614109003
105 0.120614109003
106 0.120403451414
107 0.12029812262
108 0.120361319896
109 0.120706798342
110 0.120841619198
111 0.120841619198
112 0.120605682699
113 0.120525632815
114 0.120449796083
115 0.120542485422
116 0.120795274529
117 0.120664666824
118 0.121031211028
119 0.120976440055
120 0.120942734841
121 0.120605682699
122 0.120706798342
123 0.120597256396
124 0.120841619198
125 0.120622535306
126 0.120580403788
127 0.120900603323
128 0.121073342546
129 0.120997505814
130 0.12065624052
131 0.120761569315
132 0.120580403788
133 0.120803700833
134 0.120605682699
135 0.121128113519
136 0.120887963868
137 0.120778421922
138 0.120525632815
139 0.120715224645
140 0.120626748458
141 0.120866898109
142 0.12063096161
143 0.120491927601
144 0.120639387913
145 0.120555124878
146 0.120736290404
147 0.120647814217
148 0.12058461694
149 0.120904816475
150 0.121005932118
151 0.121014358421
152 0.120866898109
153 0.120841619198
154 0.120816340288
155 0.120816340288
156 0.120997505814
157 0.12089217702
158 0.120778421922
159 0.120470861842
160 0.120352893593
161 0.120723650949
162 0.120769995618
163 0.120689945735
164 0.120727864101
165 0.120685732583
166 0.120542485422
167 0.120192793825
168 0.120769995618
169 0.120711011493
170 0.12065624052
171 0.120567764333
172 0.120639387913
173 0.120593043244
174 0.120378172503
175 0.120689945735
176 0.12091745593
177 0.120753143011
