1 0.1480290876
2 0.154588964913
3 0.159851191479
4 0.161818733358
5 0.161961980518
6 0.161890356938
7 0.16253496916
8 0.162648724258
9 0.162585526981
10 0.162353803633
11 0.162324311571
12 0.162130506589
13 0.161991472581
14 0.161831372813
15 0.161831372813
16 0.162134719741
17 0.16253496916
18 0.162674003168
19 0.162332737875
20 0.162349590482
21 0.162770905659
22 0.162745626748
23 0.162585526981
24 0.162636084802
25 0.162602379588
26 0.162349590482
27 0.162256901143
28 0.162480198187
29 0.162248474839
30 0.162058883009
31 0.161831372813
32 0.16196619367
33 0.16194091476
34 0.16256024807
35 0.162674003168
36 0.162307458964
37 0.162429640365
38 0.162193703866
39 0.162379082544
40 0.162665576865
41 0.162787758266
42 0.162429640365
43 0.162395935151
44 0.162509690249
45 0.162353803633
46 0.162252687991
47 0.162008325188
48 0.162509690249
49 0.162383295696
50 0.162446492972
51 0.162509690249
52 0.162610805892
53 0.162509690249
54 0.162745626748
55 0.16253496916
56 0.16256024807
57 0.162265327446
58 0.162223195928
59 0.162429640365
60 0.162425427214
61 0.162674003168
62 0.162779331963
63 0.162779331963
64 0.162568674374
65 0.16227375375
66 0.162189490714
67 0.16220213017
68 0.162290606357
69 0.162223195928
70 0.162164211804
71 0.162046243554
72 0.162126293438
73 0.162168424955
74 0.162404361455
75 0.16260659274
76 0.162728774141
77 0.162526542856
78 0.162387508848
79 0.161881930635
80 0.162387508848
81 0.162328524723
82 0.162290606357
83 0.162707708382
84 0.162602379588
85 0.162813037177
86 0.162395935151
87 0.162551821767
88 0.16253496916
89 0.162421214062
90 0.162526542856
91 0.163065826283
92 0.162775118811
93 0.162665576865
94 0.162804610873
95 0.162454919276
96 0.162475985035
97 0.162475985035
98 0.162501263946
99 0.162404361455
100 0.162404361455
101 0.162454919276
102 0.16227375375
103 0.161763962385
104 0.16229903266
105 0.162475985035
106 0.162459132428
107 0.162151572348
108 0.162126293438
109 0.16272456099
110 0.162530756008
111 0.162358016785
112 0.162741413597
113 0.162324311571
114 0.162454919276
115 0.162404361455
116 0.162732987293
117 0.162497050794
118 0.16253496916
119 0.162577100677
120 0.162610805892
121 0.162762479356
122 0.162897300212
123 0.162808824025
124 0.162438066669
125 0.162615019043
126 0.162412787758
127 0.162429640365
128 0.162652937409
129 0.162876234453
130 0.162720347838
131 0.162429640365
132 0.162454919276
133 0.161970406822
134 0.162509690249
135 0.162459132428
136 0.162421214062
137 0.162328524723
138 0.162429640365
139 0.162438066669
140 0.162716134686
141 0.162779331963
142 0.162695068927
143 0.16272456099
144 0.162690855775
145 0.162648724258
146 0.162589740133
147 0.162716134686
148 0.162615019043
149 0.162745626748
150 0.162754053052
151 0.162143146045
152 0.162063096161
153 0.162484411338
154 0.16210944083
155 0.162248474839
156 0.162615019043
157 0.162324311571
158 0.16253496916
159 0.162850955543
160 0.162648724258
161 0.162699282079
162 0.162813037177
163 0.162429640365
164 0.16227375375
165 0.162058883009
166 0.162147359196
167 0.162210556473
168 0.162690855775
169 0.162808824025
170 0.162783545114
171 0.1627498399
172 0.162813037177
173 0.162770905659
174 0.162918365971
175 0.162690855775
176 0.162627658499
177 0.162577100677
