1 0.31592039801
2 0.298734177215
3 0.286783042394
4 0.258145363409
5 0.255639097744
6 0.258706467662
7 0.254408060453
8 0.255639097744
9 0.26
10 0.258706467662
11 0.258145363409
12 0.259351620948
13 0.259351620948
14 0.238461538462
15 0.243523316062
16 0.201680672269
17 0.212121212121
18 0.233595800525
19 0.215633423181
20 0.229765013055
21 0.227154046997
22 0.21832884097
23 0.231382978723
24 0.206128133705
25 0.249350649351
26 0.232
27 0.21095890411
28 0.203438395415
29 0.210526315789
30 0.210674157303
31 0.224324324324
32 0.224376731302
33 0.224
34 0.251948051948
35 0.196581196581
36 0.19943019943
37 0.189111747851
38 0.205056179775
39 0.210084033613
40 0.209497206704
41 0.224
42 0.231182795699
43 0.188034188034
44 0.205633802817
45 0.21546961326
46 0.176300578035
47 0.212290502793
48 0.213888888889
49 0.21546961326
50 0.222222222222
51 0.202816901408
52 0.215083798883
53 0.209944751381
54 0.204481792717
55 0.214285714286
56 0.206214689266
57 0.220385674931
58 0.203389830508
59 0.217630853994
60 0.209497206704
61 0.212121212121
62 0.220430107527
63 0.210674157303
64 0.205555555556
65 0.202247191011
66 0.205633802817
67 0.213698630137
68 0.197142857143
69 0.223756906077
70 0.220385674931
71 0.209944751381
72 0.205633802817
73 0.205633802817
74 0.227397260274
75 0.233695652174
76 0.228260869565
77 0.18
78 0.212885154062
79 0.190201729107
80 0.191977077364
81 0.2175066313
82 0.23746701847
83 0.217741935484
84 0.201133144476
85 0.188571428571
86 0.2
87 0.222527472527
88 0.206214689266
89 0.198300283286
90 0.228116710875
91 0.198879551821
92 0.212290502793
93 0.195402298851
94 0.211111111111
95 0.193732193732
96 0.210084033613
97 0.189655172414
98 0.206214689266
99 0.207282913165
100 0.206214689266
101 0.220430107527
102 0.204986149584
103 0.212290502793
104 0.212885154062
105 0.201704545455
106 0.188034188034
107 0.21270718232
108 0.194285714286
109 0.220055710306
110 0.220385674931
111 0.21270718232
112 0.203966005666
113 0.209631728045
114 0.22131147541
115 0.216901408451
116 0.200564971751
117 0.220708446866
118 0.237333333333
119 0.211267605634
120 0.207756232687
121 0.240310077519
122 0.21568627451
123 0.219101123596
124 0.210674157303
125 0.214484679666
126 0.210674157303
127 0.219444444444
128 0.221606648199
129 0.202857142857
130 0.225
131 0.230158730159
132 0.210826210826
133 0.200573065903
134 0.231197771588
135 0.21875
136 0.202279202279
137 0.228412256267
138 0.208450704225
139 0.232686980609
140 0.22625698324
141 0.225
142 0.219444444444
143 0.23746701847
144 0.210826210826
145 0.216666666667
146 0.230352303523
147 0.206303724928
148 0.213068181818
149 0.219101123596
150 0.224089635854
151 0.214689265537
152 0.218232044199
153 0.22972972973
154 0.240932642487
155 0.22191011236
156 0.236842105263
157 0.225201072386
158 0.212121212121
159 0.217877094972
160 0.240208877285
161 0.242819843342
162 0.21186440678
163 0.224
164 0.245478036176
165 0.225130890052
166 0.232984293194
167 0.244215938303
168 0.220108695652
169 0.222222222222
170 0.226628895184
171 0.226628895184
172 0.237430167598
173 0.239010989011
174 0.231404958678
175 0.237430167598
176 0.238726790451
177 0.232876712329
178 0.233983286908
179 0.228571428571
