1 0.27959697733
2 0.299251870324
3 0.143939393939
4 0.005
5 0.00995024875622
6 0.00502512562814
7 0.005
8 0.0075
9 0.0074812967581
10 0.00751879699248
11 0.00501253132832
12 0.00251256281407
13 0.0074812967581
14 0.0124378109453
15 0.0074812967581
16 0.00997506234414
17 0.00501253132832
18 0.0074812967581
19 0.00502512562814
20 0.0075
21 0.0075
22 0.0124688279302
23 0.0502512562814
24 0.0373134328358
25 0.00997506234414
26 0.01
27 0.01
28 0.00751879699248
29 0.0149625935162
30 0.0125
31 0.00751879699248
32 0.0074812967581
33 0.00501253132832
34 0.005
35 0.0075
36 0.0075
37 0.00751879699248
38 0.00995024875622
39 0.22
40 0.334170854271
41 0.3075
42 0.318295739348
43 0.286432160804
44 0.283116883117
45 0.291338582677
46 0.241558441558
47 0.300791556728
48 0.273869346734
49 0.273209549072
50 0.268170426065
51 0.269326683292
52 0.269521410579
53 0.267532467532
54 0.273182957393
55 0.264102564103
56 0.297872340426
57 0.278481012658
58 0.304232804233
59 0.301587301587
60 0.309711286089
61 0.316883116883
62 0.310526315789
63 0.297587131367
64 0.304
65 0.279069767442
66 0.268844221106
67 0.266331658291
68 0.28391959799
69 0.274559193955
70 0.308707124011
71 0.297650130548
72 0.314136125654
73 0.312335958005
74 0.310526315789
75 0.305039787798
76 0.321243523316
77 0.271767810026
78 0.299465240642
79 0.319480519481
80 0.316883116883
81 0.309523809524
82 0.312335958005
83 0.308707124011
84 0.312335958005
85 0.311518324607
86 0.307692307692
87 0.316883116883
88 0.297709923664
89 0.302387267905
90 0.290816326531
91 0.29679144385
92 0.304232804233
93 0.313315926893
94 0.300531914894
95 0.292428198433
96 0.272959183673
97 0.306068601583
98 0.289743589744
99 0.272493573265
100 0.296296296296
101 0.298387096774
102 0.314136125654
103 0.302387267905
104 0.284237726098
105 0.263819095477
106 0.27
107 0.2725
108 0.267002518892
109 0.278481012658
110 0.2675
111 0.27
112 0.265664160401
113 0.274809160305
114 0.316883116883
115 0.301333333333
116 0.324742268041
117 0.29490616622
118 0.314136125654
119 0.314960629921
120 0.27806122449
121 0.276381909548
122 0.297435897436
123 0.273657289003
124 0.296391752577
125 0.273417721519
126 0.269521410579
127 0.286458333333
128 0.2725
129 0.269326683292
130 0.266331658291
131 0.288311688312
132 0.29490616622
133 0.313315926893
134 0.302139037433
135 0.309711286089
136 0.306878306878
137 0.296875
138 0.29679144385
139 0.312335958005
140 0.299465240642
141 0.307692307692
142 0.302387267905
143 0.310526315789
144 0.307692307692
145 0.310526315789
146 0.309711286089
147 0.30585106383
148 0.316883116883
149 0.322077922078
150 0.272727272727
151 0.2825
152 0.275324675325
153 0.277777777778
154 0.2725
155 0.267676767677
156 0.308093994778
157 0.293010752688
158 0.295514511873
159 0.261306532663
160 0.266331658291
161 0.285714285714
162 0.300268096515
163 0.299734748011
164 0.316062176166
165 0.302631578947
166 0.302631578947
167 0.29490616622
168 0.317708333333
169 0.307086614173
170 0.311688311688
171 0.288220551378
172 0.300261096606
173 0.299465240642
174 0.278481012658
175 0.281984334204
176 0.31592689295
177 0.309711286089
178 0.300531914894
179 0.279301745636
