1 0.31
2 0.304785894207
3 0.2875
4 0.256281407035
5 0.261306532663
6 0.257575757576
7 0.267002518892
8 0.270676691729
9 0.256281407035
10 0.271144278607
11 0.260309278351
12 0.26582278481
13 0.293506493506
14 0.260869565217
15 0.267175572519
16 0.263157894737
17 0.262755102041
18 0.275434243176
19 0.262210796915
20 0.261306532663
21 0.273631840796
22 0.266497461929
23 0.26582278481
24 0.257575757576
25 0.261845386534
26 0.261306532663
27 0.262626262626
28 0.272727272727
29 0.263959390863
30 0.281407035176
31 0.2625
32 0.266832917706
33 0.256345177665
34 0.261306532663
35 0.264483627204
36 0.268170426065
37 0.261780104712
38 0.261845386534
39 0.257653061224
40 0.266149870801
41 0.269035532995
42 0.260101010101
43 0.261421319797
44 0.266318537859
45 0.258974358974
46 0.26835443038
47 0.255319148936
48 0.260869565217
49 0.262086513995
50 0.263427109974
51 0.261538461538
52 0.27
53 0.271573604061
54 0.253196930946
55 0.260651629073
56 0.26582278481
57 0.261421319797
58 0.266331658291
59 0.262626262626
60 0.261306532663
61 0.261421319797
62 0.263291139241
63 0.26368159204
64 0.256345177665
65 0.262086513995
66 0.255050505051
67 0.257142857143
68 0.263959390863
69 0.265664160401
70 0.260101010101
71 0.263427109974
72 0.261306532663
73 0.262626262626
74 0.2625
75 0.265151515152
76 0.256926952141
77 0.267002518892
78 0.26582278481
79 0.263291139241
80 0.268542199488
81 0.260309278351
82 0.260651629073
83 0.268170426065
84 0.258974358974
85 0.256926952141
86 0.263157894737
87 0.256997455471
88 0.258793969849
89 0.264483627204
90 0.265957446809
91 0.267532467532
92 0.283116883117
93 0.26433915212
94 0.259541984733
95 0.258793969849
96 0.265151515152
97 0.25831202046
98 0.259842519685
99 0.267857142857
100 0.256345177665
101 0.261421319797
102 0.259541984733
103 0.262626262626
104 0.261421319797
105 0.260309278351
106 0.263291139241
107 0.2625
108 0.263291139241
109 0.261421319797
110 0.264631043257
111 0.262886597938
112 0.258145363409
113 0.261306532663
114 0.263427109974
115 0.26582278481
116 0.267015706806
117 0.263020833333
118 0.256926952141
119 0.2675
120 0.260651629073
121 0.262626262626
122 0.263157894737
123 0.260759493671
124 0.270676691729
125 0.261096605744
126 0.261421319797
127 0.260651629073
128 0.263819095477
129 0.258145363409
130 0.260204081633
131 0.265306122449
132 0.265306122449
133 0.26835443038
134 0.259445843829
135 0.26433915212
136 0.259541984733
137 0.261845386534
138 0.265664160401
139 0.255754475703
140 0.267002518892
141 0.262755102041
142 0.261421319797
143 0.28320802005
144 0.271099744246
145 0.2575
146 0.281407035176
147 0.260101010101
148 0.260204081633
149 0.266666666667
150 0.259067357513
151 0.258397932817
152 0.271794871795
153 0.262467191601
154 0.259541984733
155 0.264483627204
156 0.265984654731
157 0.257575757576
158 0.258227848101
159 0.258793969849
160 0.260981912145
161 0.265151515152
162 0.261845386534
163 0.261421319797
164 0.263157894737
165 0.264483627204
166 0.266666666667
167 0.260759493671
168 0.261658031088
169 0.267002518892
170 0.254408060453
171 0.270408163265
172 0.269230769231
173 0.262086513995
174 0.267326732673
175 0.261306532663
176 0.261845386534
177 0.265
178 0.261421319797
179 0.272959183673
