1 0.140032525532
2 0.147944824564
3 0.152916343658
4 0.138166099296
5 0.138423101554
6 0.138595840777
7 0.138831777276
8 0.138578988169
9 0.138473659375
10 0.138553709259
11 0.138237722876
12 0.138237722876
13 0.138473659375
14 0.138397822643
15 0.138507364589
16 0.138612693384
17 0.138490511982
18 0.138701169571
19 0.138553709259
20 0.138789645758
21 0.138768579999
22 0.138709595874
23 0.138587414473
24 0.139257305605
25 0.13962384981
26 0.139177255721
27 0.139674407631
28 0.139859786309
29 0.13964912872
30 0.138831777276
31 0.138987663892
32 0.138637972294
33 0.138498938286
34 0.138439954161
35 0.138541069803
36 0.138317772759
37 0.138473659375
38 0.138671677509
39 0.144068724932
40 0.151736661161
41 0.157011527183
42 0.159598402373
43 0.159657386498
44 0.15999443864
45 0.159821699417
46 0.160011291247
47 0.159821699417
48 0.159707944319
49 0.160007078095
50 0.160028143854
51 0.160028143854
52 0.160453672183
53 0.160007078095
54 0.159973372881
55 0.160179817318
56 0.159842765176
57 0.159939667667
58 0.159779567899
59 0.159851191479
60 0.159973372881
61 0.159720583774
62 0.159863830935
63 0.159552057703
64 0.159943880818
65 0.159981799184
66 0.160146112104
67 0.160647477165
68 0.159880683542
69 0.160205096228
70 0.160622198254
71 0.160441032728
72 0.160879200512
73 0.160596919343
74 0.160478951094
75 0.160230375139
76 0.160314638175
77 0.15983012572
78 0.159821699417
79 0.159990225488
80 0.159754288989
81 0.159737436381
82 0.159910175604
83 0.159493073578
84 0.159842765176
85 0.159817486265
86 0.159821699417
87 0.159842765176
88 0.160390474906
89 0.160099767434
90 0.160217735684
91 0.16009134113
92 0.16006606222
93 0.159977586033
94 0.160040783309
95 0.160234588291
96 0.160365195996
97 0.160748592807
98 0.160264080353
99 0.160196669925
100 0.160234588291
101 0.159952307122
102 0.159741649533
103 0.159851191479
104 0.15968687856
105 0.159703731167
106 0.159691091712
107 0.159488860427
108 0.159619468132
109 0.159619468132
110 0.15961525498
111 0.159467794668
112 0.160103980586
113 0.159678452257
114 0.160057635916
115 0.159674239105
116 0.159699518015
117 0.159918601908
118 0.160032357006
119 0.159762715292
120 0.159859617783
121 0.160070275372
122 0.159787994203
123 0.160259867201
124 0.160504230004
125 0.160643264013
126 0.160171391014
127 0.160146112104
128 0.160179817318
129 0.16006606222
130 0.160205096228
131 0.160226161987
132 0.160192456773
133 0.160112406889
134 0.160011291247
135 0.160268293505
136 0.160478951094
137 0.160441032728
138 0.160386261755
139 0.160424180121
140 0.160521082611
141 0.160554787826
142 0.160457885335
143 0.160390474906
144 0.160335703933
145 0.1607317402
146 0.160702248138
147 0.160613771951
148 0.160192456773
149 0.160512656308
150 0.160175604166
151 0.159766928444
152 0.159939667667
153 0.159990225488
154 0.160133472648
155 0.15999443864
156 0.159897536149
157 0.160032357006
158 0.160217735684
159 0.160049209613
160 0.160630624558
161 0.160609558799
162 0.160466311638
163 0.160082914827
164 0.160411540665
165 0.16047052479
166 0.160592706192
167 0.160411540665
168 0.160432606424
169 0.16044524588
170 0.160744379656
171 0.160293572416
172 0.160609558799
173 0.160264080353
174 0.160015504399
175 0.160230375139
176 0.160112406889
177 0.160112406889
