1 0.311881188119
2 0.311557788945
3 0.27
4 0.2575
5 0.255696202532
6 0.267002518892
7 0.259445843829
8 0.26835443038
9 0.261306532663
10 0.2675
11 0.260759493671
12 0.264781491003
13 0.278195488722
14 0.176767676768
15 0.0124378109453
16 0.00501253132832
17 0.00501253132832
18 0.0074812967581
19 0.0124378109453
20 0.00503778337531
21 0.0074812967581
22 0.01
23 0.00746268656716
24 0.0897435897436
25 0.257971014493
26 0.28328611898
27 0.242774566474
28 0.26433915212
29 0.260416666667
30 0.278195488722
31 0.260651629073
32 0.263819095477
33 0.270886075949
34 0.161616161616
35 0.0075
36 0.014888337469
37 0.0075
38 0.0075
39 0.00501253132832
40 0.0075
41 0.00501253132832
42 0.00251889168766
43 0.0074812967581
44 0.0124688279302
45 0.174386920981
46 0.248502994012
47 0.271137026239
48 0.24861878453
49 0.261096605744
50 0.263959390863
51 0.261845386534
52 0.260101010101
53 0.261538461538
54 0.265984654731
55 0.0875
56 0.00501253132832
57 0.00751879699248
58 0.00995024875622
59 0.0075
60 0.0075
61 0.00997506234414
62 0.00501253132832
63 0.0075
64 0.00501253132832
65 0.116531165312
66 0.241071428571
67 0.25641025641
68 0.261580381471
69 0.25
70 0.244252873563
71 0.258620689655
72 0.253298153034
73 0.26433915212
74 0.25219941349
75 0.099730458221
76 0.0074812967581
77 0.00751879699248
78 0.0075
79 0.005
80 0.00997506234414
81 0.00251889168766
82 0.005
83 0.00501253132832
84 0.00751879699248
85 0.144808743169
86 0.241791044776
87 0.256559766764
88 0.235820895522
89 0.249275362319
90 0.250737463127
91 0.228228228228
92 0.257971014493
93 0.268844221106
94 0.257978723404
95 0.1072319202
96 0.00501253132832
97 0.0075
98 0.00997506234414
99 0.005
100 0.00250626566416
101 0.00502512562814
102 0.0074812967581
103 0.00501253132832
104 0.005
105 0.135211267606
106 0.258720930233
107 0.238805970149
108 0.244837758112
109 0.256064690027
110 0.244318181818
111 0.243975903614
112 0.252941176471
113 0.240963855422
114 0.243323442136
115 0.0839895013123
116 0.0124378109453
117 0.00501253132832
118 0.0100250626566
119 0.0075
120 0.00751879699248
121 0.0075
122 0.0074812967581
123 0.00501253132832
124 0.00251889168766
125 0.180327868852
126 0.244897959184
127 0.264864864865
128 0.252032520325
129 0.246418338109
130 0.256684491979
131 0.2625
132 0.262210796915
133 0.266331658291
134 0.261964735516
135 0.08
136 0.01
137 0.0075
138 0.0074812967581
139 0.0075
140 0.00753768844221
141 0.0074812967581
142 0.0075
143 0.00501253132832
144 0.00997506234414
145 0.17679558011
146 0.27
147 0.264631043257
148 0.262755102041
149 0.2625
150 0.269230769231
151 0.260204081633
152 0.261538461538
153 0.261964735516
154 0.260309278351
155 0.074812967581
156 0.0075
157 0.00751879699248
158 0.00251256281407
159 0.0074812967581
160 0.0124378109453
161 0.00502512562814
162 0.00995024875622
163 0.00502512562814
164 0.0074812967581
165 0.192802056555
166 0.261538461538
167 0.261306532663
168 0.259640102828
169 0.263291139241
170 0.269922879177
171 0.265151515152
172 0.261964735516
173 0.260759493671
174 0.257653061224
175 0.0648379052369
176 0.00251256281407
177 0.00501253132832
178 0.0124688279302
179 0.00997506234414
