1 0.304785894207
2 0.3075
3 0.160804020101
4 0.00995024875622
5 0.0075
6 0.0075
7 0.015037593985
8 0.0074812967581
9 0.0124688279302
10 0.00252525252525
11 0.005
12 0.00997506234414
13 0.00501253132832
14 0.00501253132832
15 0.00995024875622
16 0.01
17 0.0075
18 0.005
19 0.0124688279302
20 0.00502512562814
21 0.0075
22 0.0075
23 0.00997506234414
24 0.005
25 0.00751879699248
26 0.0075
27 0.00501253132832
28 0.0124069478908
29 0.0124688279302
30 0.0075
31 0.005
32 0.00751879699248
33 0.0075
34 0.00251256281407
35 0.00501253132832
36 0.00997506234414
37 0.00997506234414
38 0.00501253132832
39 0.00501253132832
40 0.00997506234414
41 0.00997506234414
42 0.0074812967581
43 0.00502512562814
44 0.0075
45 0.00995024875622
46 0.0100250626566
47 0.00746268656716
48 0.00753768844221
49 0.00501253132832
50 0.005
51 0.01
52 0.00501253132832
53 0.005
54 0.00753768844221
55 0.0074812967581
56 0.0074812967581
57 0.00503778337531
58 0.00746268656716
59 0.00502512562814
60 0.00997506234414
61 0.0124688279302
62 0.00995024875622
63 0.00251256281407
64 0.00498753117207
65 0.00502512562814
66 0.0074812967581
67 0.00751879699248
68 0.0075
69 0.00997506234414
70 0.00501253132832
71 0.0075
72 0.0075
73 0.0075
74 0.014888337469
75 0.00501253132832
76 0.00997506234414
77 0.00502512562814
78 0.0074812967581
79 0.00501253132832
80 0.00501253132832
81 0.00501253132832
82 0.00501253132832
83 0.00753768844221
84 0.0074812967581
85 0.00501253132832
86 0.0124688279302
87 0.00746268656716
88 0.00751879699248
89 0.00501253132832
90 0.01
91 0.00501253132832
92 0.005
93 0.01
94 0.0075
95 0.00501253132832
96 0.00751879699248
97 0.0124378109453
98 0.00501253132832
99 0.005
100 0.00751879699248
101 0.0075
102 0.005
103 0.00251889168766
104 0.00997506234414
105 0.0075
106 0.00997506234414
107 0.0074812967581
108 0.01
109 0.005
110 0.00503778337531
111 0.005
112 0.00753768844221
113 0.0074812967581
114 0.00501253132832
115 0.0149253731343
116 0.005
117 0.00751879699248
118 0.00502512562814
119 0.0074812967581
120 0.005
121 0.00502512562814
122 0.0075
123 0.01
124 0.0124378109453
125 0.0074812967581
126 0.00751879699248
127 0.0
128 0.0124378109453
129 0.005
130 0.0075
131 0.00501253132832
132 0.0124378109453
133 0.01
134 0.0075
135 0.00751879699248
136 0.0075
137 0.00995024875622
138 0.00251256281407
139 0.0075
140 0.0100250626566
141 0.0074812967581
142 0.0074812967581
143 0.00751879699248
144 0.00995024875622
145 0.00502512562814
146 0.0075
147 0.01
148 0.00997506234414
149 0.00501253132832
150 0.0075
151 0.0074812967581
152 0.0075
153 0.00753768844221
154 0.00250626566416
155 0.0124069478908
156 0.00751879699248
157 0.00997506234414
158 0.00751879699248
159 0.0075
160 0.005
161 0.00501253132832
162 0.00251889168766
163 0.00997506234414
164 0.0074812967581
165 0.01
166 0.00995024875622
167 0.00502512562814
168 0.0075
169 0.00251256281407
170 0.0075
171 0.0075
172 0.00502512562814
173 0.0075
174 0.0075
175 0.01
176 0.00501253132832
177 0.0074812967581
178 0.00502512562814
179 0.00751879699248
