1 0.326633165829
2 0.296019900498
3 0.172151898734
4 0.0780856423174
5 0.172323759791
6 0.0775401069519
7 0.0801033591731
8 0.0844327176781
9 0.0567010309278
10 0.0226130653266
11 0.104060913706
12 0.141732283465
13 0.08
14 0.173684210526
15 0.147286821705
16 0.107894736842
17 0.0564102564103
18 0.0899470899471
19 0.145038167939
20 0.0848806366048
21 0.107769423559
22 0.13164556962
23 0.0875331564987
24 0.0904255319149
25 0.0868421052632
26 0.0809399477807
27 0.0203045685279
28 0.0883116883117
29 0.030612244898
30 0.0846560846561
31 0.102301790281
32 0.110236220472
33 0.0899470899471
34 0.152849740933
35 0.0968586387435
36 0.0869565217391
37 0.0329113924051
38 0.0878552971576
39 0.129973474801
40 0.0277777777778
41 0.114285714286
42 0.1171875
43 0.0661375661376
44 0.103092783505
45 0.0555555555556
46 0.0940860215054
47 0.0328282828283
48 0.0822622107969
49 0.100257069409
50 0.0281329923274
51 0.105540897098
52 0.0835509138381
53 0.0719794344473
54 0.1
55 0.077519379845
56 0.0539845758355
57 0.122395833333
58 0.0854922279793
59 0.101298701299
60 0.0831234256927
61 0.111979166667
62 0.110824742268
63 0.0688775510204
64 0.112820512821
65 0.132124352332
66 0.109660574413
67 0.109693877551
68 0.134366925065
69 0.111111111111
70 0.0824468085106
71 0.0739795918367
72 0.193467336683
73 0.132315521628
74 0.0525
75 0.155
76 0.189701897019
77 0.167938931298
78 0.120822622108
79 0.112903225806
80 0.109090909091
81 0.126943005181
82 0.140921409214
83 0.0330788804071
84 0.0687830687831
85 0.0994623655914
86 0.0654911838791
87 0.131313131313
88 0.133165829146
89 0.115183246073
90 0.114583333333
91 0.0899470899471
92 0.116455696203
93 0.125641025641
94 0.137157107232
95 0.140664961637
96 0.160305343511
97 0.159898477157
98 0.080604534005
99 0.0759493670886
100 0.115869017632
101 0.0559796437659
102 0.0591259640103
103 0.108860759494
104 0.0636132315522
105 0.15037593985
106 0.080604534005
107 0.0607594936709
108 0.0948717948718
109 0.0971867007673
110 0.160427807487
111 0.140703517588
112 0.15404040404
113 0.094387755102
114 0.157894736842
115 0.122807017544
116 0.121212121212
117 0.104060913706
118 0.109947643979
119 0.0844327176781
120 0.118556701031
121 0.0888324873096
122 0.0778894472362
123 0.0763358778626
124 0.0628272251309
125 0.074358974359
126 0.0434782608696
127 0.0634920634921
128 0.155495978552
129 0.0969387755102
130 0.0657894736842
131 0.104712041885
132 0.123393316195
133 0.15037593985
134 0.0692307692308
135 0.0382653061224
136 0.0429292929293
137 0.0456852791878
138 0.106666666667
139 0.0909090909091
140 0.0562659846547
141 0.0520833333333
142 0.10498687664
143 0.0952380952381
144 0.124675324675
145 0.0557029177719
146 0.120204603581
147 0.103626943005
148 0.131782945736
149 0.089709762533
150 0.103448275862
151 0.105943152455
152 0.0984455958549
153 0.1
154 0.0534351145038
155 0.113989637306
156 0.18045112782
157 0.122448979592
158 0.0745501285347
159 0.130555555556
160 0.096256684492
161 0.11970074813
162 0.151436031332
163 0.0656167979003
164 0.11227154047
165 0.0854922279793
166 0.142118863049
167 0.144329896907
168 0.100755667506
169 0.077694235589
170 0.138666666667
171 0.104591836735
172 0.11345646438
173 0.0331632653061
174 0.0739795918367
175 0.0508905852417
176 0.103359173127
177 0.0992167101828
178 0.123626373626
179 0.0549738219895
