1 0.308270676692
2 0.316831683168
3 0.281407035176
4 0.25313283208
5 0.261845386534
6 0.25313283208
7 0.258145363409
8 0.259351620948
9 0.260545905707
10 0.255639097744
11 0.255639097744
12 0.261194029851
13 0.255639097744
14 0.225974025974
15 0.207182320442
16 0.190883190883
17 0.229551451187
18 0.234210526316
19 0.206611570248
20 0.224932249322
21 0.201680672269
22 0.194366197183
23 0.219839142091
24 0.0769230769231
25 0.01
26 0.0075
27 0.00501253132832
28 0.0075
29 0.005
30 0.00251889168766
31 0.0075
32 0.0124378109453
33 0.0075
34 0.144702842377
35 0.220108695652
36 0.229110512129
37 0.201680672269
38 0.211111111111
39 0.201704545455
40 0.208450704225
41 0.197142857143
42 0.223756906077
43 0.203966005666
44 0.0769230769231
45 0.00501253132832
46 0.0075
47 0.00502512562814
48 0.0074812967581
49 0.00995024875622
50 0.00751879699248
51 0.005
52 0.00753768844221
53 0.0025
54 0.122340425532
55 0.21568627451
56 0.207386363636
57 0.208450704225
58 0.200573065903
59 0.208450704225
60 0.220385674931
61 0.203966005666
62 0.210084033613
63 0.209039548023
64 0.0747422680412
65 0.00751879699248
66 0.0074812967581
67 0.00751879699248
68 0.00997506234414
69 0.005
70 0.01
71 0.0075
72 0.0074812967581
73 0.00501253132832
74 0.141711229947
75 0.211111111111
76 0.197740112994
77 0.216066481994
78 0.215297450425
79 0.211267605634
80 0.218487394958
81 0.217270194986
82 0.223463687151
83 0.215083798883
84 0.0642673521851
85 0.00501253132832
86 0.00501253132832
87 0.00995024875622
88 0.00502512562814
89 0.00995024875622
90 0.00751879699248
91 0.0075
92 0.00751879699248
93 0.005
94 0.157333333333
95 0.216292134831
96 0.217877094972
97 0.202857142857
98 0.212464589235
99 0.202312138728
100 0.215083798883
101 0.207865168539
102 0.207977207977
103 0.215083798883
104 0.0641025641026
105 0.0075
106 0.0075
107 0.0075
108 0.00502512562814
109 0.0075
110 0.00995024875622
111 0.0075
112 0.01
113 0.00501253132832
114 0.180412371134
115 0.24358974359
116 0.233595800525
117 0.214285714286
118 0.213068181818
119 0.218836565097
120 0.2
121 0.217877094972
122 0.213675213675
123 0.210674157303
124 0.0386597938144
125 0.0074812967581
126 0.00751879699248
127 0.00501253132832
128 0.0075
129 0.0174129353234
130 0.00501253132832
131 0.00502512562814
132 0.00501253132832
133 0.0075
134 0.190104166667
135 0.225543478261
136 0.224324324324
137 0.233243967828
138 0.239130434783
139 0.221917808219
140 0.220994475138
141 0.228412256267
142 0.220338983051
143 0.212464589235
144 0.0459183673469
145 0.0025
146 0.00751879699248
147 0.0124378109453
148 0.00995024875622
149 0.00502512562814
150 0.00995024875622
151 0.00501253132832
152 0.00751879699248
153 0.00502512562814
154 0.183727034121
155 0.225274725275
156 0.209631728045
157 0.203438395415
158 0.217032967033
159 0.233243967828
160 0.238605898123
161 0.232804232804
162 0.219178082192
163 0.207865168539
164 0.062015503876
165 0.00501253132832
166 0.0075
167 0.0075
168 0.01
169 0.00498753117207
170 0.0075
171 0.00751879699248
172 0.00501253132832
173 0.00501253132832
174 0.170212765957
175 0.220385674931
176 0.235616438356
177 0.231197771588
178 0.220708446866
179 0.249357326478
