1 0.106782331727
2 0.113203175031
3 0.118499106812
4 0.1203697462
5 0.120605682699
6 0.120550911726
7 0.120432943476
8 0.120449796083
9 0.121005932118
10 0.1209638006
11 0.120837406047
12 0.120677306279
13 0.120736290404
14 0.120925882234
15 0.120723650949
16 0.121022784725
17 0.121102834609
18 0.12089217702
19 0.120925882234
20 0.120858471806
21 0.120500353905
22 0.120685732583
23 0.120736290404
24 0.12108176885
25 0.121077555698
26 0.121048063635
27 0.120972226904
28 0.120925882234
29 0.121258721224
30 0.12115339243
31 0.120862684957
32 0.12110704776
33 0.120980653207
34 0.121216589706
35 0.121389328929
36 0.121111260912
37 0.121258721224
38 0.121170245037
39 0.121380902626
40 0.121128113519
41 0.121073342546
42 0.121317705349
43 0.120753143011
44 0.121022784725
45 0.120946947993
46 0.121064916243
47 0.12115339243
48 0.120993292662
49 0.121241868617
50 0.120925882234
51 0.121275573831
52 0.121233442314
53 0.121317705349
54 0.121102834609
55 0.121275573831
56 0.121208163403
57 0.121170245037
58 0.121372476322
59 0.121519936634
60 0.121469378813
61 0.121338771108
62 0.121372476322
63 0.121056489939
64 0.121161818733
65 0.120769995618
66 0.120824766591
67 0.12134298426
68 0.121528362938
69 0.121494657724
70 0.12117867134
71 0.121203950251
72 0.12108176885
73 0.121022784725
74 0.12115339243
75 0.12117867134
76 0.121364050019
77 0.121022784725
78 0.120866898109
79 0.121048063635
80 0.12063096161
81 0.120866898109
82 0.121191310796
83 0.121284000135
84 0.121330344804
85 0.121136539823
86 0.120588830092
87 0.120689945735
88 0.12070258519
89 0.12089217702
90 0.121208163403
91 0.120723650949
92 0.121317705349
93 0.121519936634
94 0.121751659982
95 0.121397755233
96 0.12136826317
97 0.121085982001
98 0.120984866359
99 0.120858471806
100 0.121060703091
101 0.121056489939
102 0.121401968385
103 0.121317705349
104 0.121229229162
105 0.121170245037
106 0.121128113519
107 0.121170245037
108 0.120871111261
109 0.121288213287
110 0.121612625973
111 0.121351410563
112 0.121284000135
113 0.121229229162
114 0.121229229162
115 0.121330344804
116 0.121401968385
117 0.120951161145
118 0.121473591965
119 0.121233442314
120 0.121119687216
121 0.121444099902
122 0.121326131653
123 0.121284000135
124 0.121140752974
125 0.121347197411
126 0.121444099902
127 0.12141460784
128 0.121406181536
129 0.121237655465
130 0.121157605582
131 0.121136539823
132 0.121039637332
133 0.121279786983
134 0.120976440055
135 0.120744716708
136 0.121220802858
137 0.121144966126
138 0.121161818733
139 0.121161818733
140 0.120997505814
141 0.121056489939
142 0.121022784725
143 0.121570494455
144 0.121473591965
145 0.121195523948
146 0.121157605582
147 0.121128113519
148 0.121406181536
149 0.121431460447
150 0.12115339243
151 0.121119687216
152 0.121364050019
153 0.121456739358
154 0.121073342546
155 0.121128113519
156 0.121077555698
157 0.121229229162
158 0.12108176885
159 0.121060703091
160 0.12089217702
161 0.121401968385
162 0.121519936634
163 0.121119687216
164 0.121157605582
165 0.121389328929
166 0.121494657724
167 0.121326131653
168 0.121321918501
169 0.121410394688
170 0.121275573831
171 0.121562068152
172 0.121393542081
173 0.121397755233
174 0.121254508072
175 0.12134298426
176 0.121166031885
177 0.121237655465
