1 0.14926354107
2 0.155604334491
3 0.160508443156
4 0.162429640365
5 0.164915399912
6 0.165332501938
7 0.165096565439
8 0.165244025751
9 0.165176615322
10 0.165172402171
11 0.165244025751
12 0.165349354545
13 0.165244025751
14 0.165294583572
15 0.172966732954
16 0.173746166032
17 0.173649263541
18 0.173864134282
19 0.17400316829
20 0.173893626344
21 0.173699821362
22 0.174614075297
23 0.173455458559
24 0.173539721595
25 0.173463884863
26 0.173240587819
27 0.173463884863
28 0.173763018639
29 0.173316424551
30 0.173152111632
31 0.173194243149
32 0.173274293033
33 0.173455458559
34 0.174795240824
35 0.173400687586
36 0.173590279416
37 0.173586066264
38 0.173215308908
39 0.173463884863
40 0.173109980114
41 0.172979372409
42 0.173771444943
43 0.173560787354
44 0.173607132023
45 0.173636624086
46 0.173442819104
47 0.173206882605
48 0.173447032256
49 0.173421753345
50 0.173447032256
51 0.173421753345
52 0.173131045873
53 0.173278506185
54 0.17352708214
55 0.17388520004
56 0.173535508443
57 0.173185816846
58 0.17295830665
59 0.172852977856
60 0.173333277158
61 0.173830429067
62 0.173303785096
63 0.173607132023
64 0.173240587819
65 0.173135259025
66 0.173232161515
67 0.173590279416
68 0.173299571944
69 0.173379621827
70 0.173556574202
71 0.173556574202
72 0.173565000506
73 0.173830429067
74 0.17393154471
75 0.173716673969
76 0.173775658094
77 0.173590279416
78 0.174036873504
79 0.173594492568
80 0.174180120665
81 0.173468098015
82 0.173758805487
83 0.173185816846
84 0.173282719337
85 0.173632410934
86 0.173421753345
87 0.17348073747
88 0.173194243149
89 0.173316424551
90 0.173822002764
91 0.173569213657
92 0.173122619569
93 0.173350129765
94 0.174373925646
95 0.17445397553
96 0.173822002764
97 0.173514442684
98 0.17381357646
99 0.173451245408
100 0.174416057164
101 0.173733526577
102 0.17348073747
103 0.1730762749
104 0.173543934747
105 0.17378829755
106 0.173737739728
107 0.173497590077
108 0.173611345175
109 0.173413327042
110 0.173518655836
111 0.173202669453
112 0.173594492568
113 0.173543934747
114 0.173236374667
115 0.174028447201
116 0.174188546968
117 0.173720887121
118 0.17385992113
119 0.173194243149
120 0.173779871246
121 0.173914692103
122 0.174007381442
123 0.173952610469
124 0.173880986889
125 0.173430179649
126 0.173657689845
127 0.173674542452
128 0.173168964239
129 0.173168964239
130 0.173594492568
131 0.173640837238
132 0.173649263541
133 0.173489163774
134 0.174142202299
135 0.174028447201
136 0.174272810004
137 0.174247531093
138 0.173674542452
139 0.174394991405
140 0.174445549226
141 0.173687181907
142 0.172911961981
143 0.173286932488
144 0.173059422293
145 0.173286932488
146 0.173628197782
147 0.173442819104
148 0.173514442684
149 0.173329064006
150 0.17348073747
151 0.173506016381
152 0.17407479187
153 0.173834642219
154 0.174230678486
155 0.173822002764
156 0.1742643837
157 0.174251744245
158 0.173682968755
159 0.173594492568
160 0.173994741987
161 0.173565000506
162 0.173173177391
163 0.173489163774
164 0.173114193266
165 0.173489163774
166 0.173358556069
167 0.173206882605
168 0.173468098015
169 0.173383834979
170 0.173215308908
171 0.173560787354
172 0.173522868988
173 0.173986315683
174 0.173855707978
175 0.173156324783
176 0.173177390542
