1 0.148484107992
2 0.154774343591
3 0.159884896694
4 0.161877717483
5 0.162657150561
6 0.162775118811
7 0.162610805892
8 0.162585526981
9 0.162732987293
10 0.162593953285
11 0.162324311571
12 0.162362229937
13 0.162429640365
14 0.162497050794
15 0.162235835384
16 0.162429640365
17 0.162707708382
18 0.162813037177
19 0.162855168695
20 0.162530756008
21 0.162888873909
22 0.162935218578
23 0.163204860292
24 0.162935218578
25 0.162834102936
26 0.163099531498
27 0.163466075702
28 0.163335467997
29 0.163386025818
30 0.163074252587
31 0.163099531498
32 0.163040547373
33 0.162989989551
34 0.162897300212
35 0.162943644882
36 0.162893087061
37 0.162863594998
38 0.162846742391
39 0.162791971418
40 0.163221712899
41 0.163099531498
42 0.163048973676
43 0.163099531498
44 0.162897300212
45 0.163124810408
46 0.163112170953
47 0.162690855775
48 0.162547608615
49 0.162640297954
50 0.162669790017
51 0.162787758266
52 0.162471771883
53 0.162690855775
54 0.162876234453
55 0.162623445347
56 0.162720347838
57 0.162543395463
58 0.162918365971
59 0.162834102936
60 0.163209073444
61 0.163183794533
62 0.163171155078
63 0.162989989551
64 0.16346186255
65 0.163668306987
66 0.163036334221
67 0.162964710641
68 0.163036334221
69 0.163099531498
70 0.16365145438
71 0.163550338737
72 0.162998415855
73 0.163284910176
74 0.163120597256
75 0.163192220837
76 0.163322828542
77 0.163192220837
78 0.163297549631
79 0.163166941926
80 0.163175368229
81 0.163331254845
82 0.163061613132
83 0.163048973676
84 0.163327041693
85 0.163145876167
86 0.162817250329
87 0.163196433988
88 0.163803127844
89 0.163394452122
90 0.163381812666
91 0.163276483872
92 0.162901513364
93 0.162699282079
94 0.162863594998
95 0.162893087061
96 0.162842529239
97 0.163107957801
98 0.163230139203
99 0.163234352354
100 0.163032121069
101 0.163074252587
102 0.162998415855
103 0.163074252587
104 0.163023694766
105 0.162817250329
106 0.162935218578
107 0.162956284337
108 0.162513903401
109 0.163183794533
110 0.163411304729
111 0.163402878425
112 0.163419731032
113 0.162665576865
114 0.162791971418
115 0.163006842158
116 0.163230139203
117 0.163360746908
118 0.16286780815
119 0.162627658499
120 0.163002629007
121 0.163314402238
122 0.163158515622
123 0.163242778658
124 0.163428157336
125 0.163377599515
126 0.162977350096
127 0.163036334221
128 0.162846742391
129 0.162732987293
130 0.1629857764
131 0.162779331963
132 0.162813037177
133 0.162674003168
134 0.163310189086
135 0.163154302471
136 0.163179581381
137 0.163145876167
138 0.163356533756
139 0.163356533756
140 0.163356533756
141 0.163331254845
142 0.163356533756
143 0.163584043952
144 0.163230139203
145 0.163305975934
146 0.162627658499
147 0.163133236712
148 0.163474502005
149 0.163141663015
150 0.163381812666
151 0.163234352354
152 0.163150089319
153 0.1629857764
154 0.163015268462
155 0.162935218578
156 0.163360746908
157 0.163251204961
158 0.163116384105
159 0.163091105194
160 0.162779331963
161 0.162779331963
162 0.162855168695
163 0.162804610873
164 0.162791971418
165 0.162884660757
166 0.162914152819
167 0.163074252587
168 0.163196433988
169 0.163360746908
170 0.163369173211
171 0.16305739998
172 0.162893087061
173 0.162766692507
174 0.163137449863
175 0.163061613132
176 0.163095318346
