1 0.310945273632
2 0.31328320802
3 0.17617866005
4 0.015
5 0.00502512562814
6 0.0149253731343
7 0.0100502512563
8 0.0075
9 0.0075
10 0.00751879699248
11 0.0175879396985
12 0.00997506234414
13 0.00997506234414
14 0.0075
15 0.0175
16 0.0126582278481
17 0.00753768844221
18 0.00753768844221
19 0.0150753768844
20 0.0151133501259
21 0.0379746835443
22 0.00997506234414
23 0.0174129353234
24 0.158690176322
25 0.0100250626566
26 0.00755667506297
27 0.0124688279302
28 0.0100502512563
29 0.00751879699248
30 0.00757575757576
31 0.00751879699248
32 0.0100502512563
33 0.0149253731343
34 0.0377833753149
35 0.01
36 0.01
37 0.0100250626566
38 0.0074812967581
39 0.00503778337531
40 0.0100502512563
41 0.00251256281407
42 0.0075
43 0.0149625935162
44 0.0125
45 0.00755667506297
46 0.0100250626566
47 0.0075
48 0.0100250626566
49 0.0125313283208
50 0.00751879699248
51 0.0075
52 0.00501253132832
53 0.00501253132832
54 0.00753768844221
55 0.0075
56 0.015
57 0.01
58 0.00753768844221
59 0.01
60 0.00751879699248
61 0.0100250626566
62 0.0
63 0.0074812967581
64 0.00751879699248
65 0.005
66 0.005
67 0.00751879699248
68 0.01
69 0.0075
70 0.0075
71 0.00753768844221
72 0.00503778337531
73 0.00251256281407
74 0.00753768844221
75 0.0075
76 0.0100502512563
77 0.00751879699248
78 0.00503778337531
79 0.0124688279302
80 0.00751879699248
81 0.00502512562814
82 0.00502512562814
83 0.00503778337531
84 0.01
85 0.00502512562814
86 0.01
87 0.0074812967581
88 0.00502512562814
89 0.0125
90 0.00751879699248
91 0.0075
92 0.00751879699248
93 0.0124378109453
94 0.00501253132832
95 0.00502512562814
96 0.00997506234414
97 0.00753768844221
98 0.01
99 0.0075
100 0.0100502512563
101 0.00501253132832
102 0.0325814536341
103 0.0075
104 0.00505050505051
105 0.00501253132832
106 0.0125
107 0.0174129353234
108 0.00753768844221
109 0.00751879699248
110 0.00751879699248
111 0.00751879699248
112 0.00502512562814
113 0.0125628140704
114 0.00997506234414
115 0.01
116 0.00501253132832
117 0.0149253731343
118 0.0075
119 0.00755667506297
120 0.0149625935162
121 0.0100250626566
122 0.00997506234414
123 0.01
124 0.01
125 0.00501253132832
126 0.0025
127 0.00505050505051
128 0.00751879699248
129 0.0125
130 0.0100250626566
131 0.0124688279302
132 0.00997506234414
133 0.00751879699248
134 0.0075
135 0.005
136 0.0075
137 0.00251889168766
138 0.00997506234414
139 0.00751879699248
140 0.00753768844221
141 0.0124378109453
142 0.00503778337531
143 0.00502512562814
144 0.005
145 0.00997506234414
146 0.00503778337531
147 0.0125
148 0.0074812967581
149 0.0100502512563
150 0.0124688279302
151 0.00753768844221
152 0.00753768844221
153 0.0125
154 0.00751879699248
155 0.0125
156 0.0100502512563
157 0.0100502512563
158 0.00503778337531
159 0.00505050505051
160 0.00755667506297
161 0.0100250626566
162 0.00995024875622
163 0.00753768844221
164 0.00997506234414
165 0.00502512562814
166 0.0075
167 0.0100755667506
168 0.00992555831266
169 0.015037593985
170 0.00502512562814
171 0.00753768844221
172 0.00502512562814
173 0.0075
174 0.0100250626566
175 0.00501253132832
176 0.00753768844221
177 0.0075
178 0.0075
179 0.00502512562814
