1 0.145686575213
2 0.152267518285
3 0.157403350298
4 0.159868044086
5 0.159707944319
6 0.159889109845
7 0.159952307122
8 0.159800633658
9 0.159893322997
10 0.159977586033
11 0.160293572416
12 0.160057635916
13 0.160331490782
14 0.160436819576
15 0.159952307122
16 0.160297785567
17 0.160259867201
18 0.160103980586
19 0.159813273113
20 0.159526778793
21 0.159998651791
22 0.159821699417
23 0.159619468132
24 0.159901749301
25 0.160205096228
26 0.159964946577
27 0.160141898952
28 0.160546361522
29 0.160605345647
30 0.159518352489
31 0.160365195996
32 0.160407327514
33 0.160188243621
34 0.160504230004
35 0.16066011662
36 0.16066011662
37 0.160748592807
38 0.160125046345
39 0.159741649533
40 0.160133472648
41 0.159855404631
42 0.159737436381
43 0.159884896694
44 0.15980484681
45 0.159745862685
46 0.159834338872
47 0.159834338872
48 0.159720583774
49 0.160234588291
50 0.160179817318
51 0.160044996461
52 0.160323064478
53 0.160011291247
54 0.159821699417
55 0.159897536149
56 0.160200883077
57 0.160234588291
58 0.160790724325
59 0.160373622299
60 0.159973372881
61 0.160251440898
62 0.160428393272
63 0.160082914827
64 0.15987647039
65 0.159480434123
66 0.159476220971
67 0.159379318481
68 0.159446728909
69 0.159589976069
70 0.159792207354
71 0.159661599649
72 0.159396171088
73 0.159505713034
74 0.15999443864
75 0.159813273113
76 0.160057635916
77 0.159939667667
78 0.159851191479
79 0.159969159729
80 0.160150325255
81 0.160040783309
82 0.16032727763
83 0.159834338872
84 0.160264080353
85 0.160394688058
86 0.160285146112
87 0.160571640433
88 0.160032357006
89 0.16032727763
90 0.160179817318
91 0.16006606222
92 0.160023930702
93 0.160424180121
94 0.160276719809
95 0.160259867201
96 0.160323064478
97 0.160268293505
98 0.160525295763
99 0.160799150629
100 0.160592706192
101 0.160807576932
102 0.16035255654
103 0.1607317402
104 0.160264080353
105 0.160369409148
106 0.160605345647
107 0.160693821834
108 0.160676969227
109 0.160550574674
110 0.1601376858
111 0.160626411406
112 0.160196669925
113 0.160032357006
114 0.159868044086
115 0.160276719809
116 0.160099767434
117 0.159796420506
118 0.160103980586
119 0.160070275372
120 0.160478951094
121 0.160234588291
122 0.160647477165
123 0.160575853585
124 0.160360982844
125 0.160344130237
126 0.160276719809
127 0.160512656308
128 0.160415753817
129 0.160474737942
130 0.160243014594
131 0.160234588291
132 0.160394688058
133 0.160344130237
134 0.160609558799
135 0.160550574674
136 0.160112406889
137 0.159981799184
138 0.160243014594
139 0.160087127979
140 0.15605514173
141 0.155899255115
142 0.155587481883
143 0.155865549901
144 0.156164683677
145 0.156459604301
146 0.156333209748
147 0.156358488658
148 0.156227880953
149 0.156527014729
150 0.156396407024
151 0.156177323132
152 0.156312143989
153 0.156181536284
154 0.156607064613
155 0.156270012471
156 0.156236307257
157 0.156476456908
158 0.156446964845
159 0.156008797061
160 0.156295291382
161 0.156253159864
162 0.15631635714
163 0.156350062355
164 0.156573359399
165 0.156354275506
166 0.156320570292
167 0.155852910445
168 0.156181536284
169 0.155612760794
170 0.156034075972
171 0.156295291382
172 0.156198388891
173 0.156194175739
174 0.156442751694
175 0.156328996596
176 0.156126765311
