1 0.188100374128
2 0.19437375712
3 0.199404260339
4 0.201350736459
5 0.20166250969
6 0.2021596616
7 0.201927938252
8 0.202142808993
9 0.202142808993
10 0.202281843001
11 0.201641443931
12 0.202206006269
13 0.202437729617
14 0.202054332805
15 0.202142808993
16 0.201906872493
17 0.201957430314
18 0.201620378173
19 0.202003774984
20 0.201801543699
21 0.202054332805
22 0.202404024403
23 0.202088038019
24 0.202012201288
25 0.202201793117
26 0.202109103778
27 0.20242087701
28 0.201982709225
29 0.202286056153
30 0.201932151404
31 0.202286056153
32 0.20185210152
33 0.201687788601
34 0.201902659341
35 0.202172301055
36 0.201788904243
37 0.202218645724
38 0.202437729617
39 0.201797330547
40 0.202066972261
41 0.20204169335
42 0.201991135529
43 0.202201793117
44 0.201877380431
45 0.202227072028
46 0.202585189929
47 0.202319761367
48 0.202429303313
49 0.20218494051
50 0.202382958644
51 0.201826822609
52 0.202054332805
53 0.202045906502
54 0.201746772726
55 0.201949004011
56 0.202012201288
57 0.201986922377
58 0.201788904243
59 0.201906872493
60 0.201877380431
61 0.202142808993
62 0.202045906502
63 0.201957430314
64 0.202071185412
65 0.201911085645
66 0.202138595841
67 0.202357679733
68 0.202104890627
69 0.202235498332
70 0.202142808993
71 0.202243924635
72 0.202037480198
73 0.202315548215
74 0.202290269305
75 0.202315548215
76 0.202142808993
77 0.202454582224
78 0.202479861135
79 0.202298695608
80 0.20237453234
81 0.202323974519
82 0.202307121912
83 0.202096464323
84 0.202180727359
85 0.201965856618
86 0.201860527824
87 0.202104890627
88 0.202045906502
89 0.20211331693
90 0.202340827126
91 0.202340827126
92 0.202332400822
93 0.202323974519
94 0.202463008527
95 0.202227072028
96 0.202007988136
97 0.202479861135
98 0.202121743234
99 0.202007988136
100 0.202121743234
101 0.202088038019
102 0.202138595841
103 0.201641443931
104 0.202033267046
105 0.202201793117
106 0.201911085645
107 0.201784691092
108 0.202168087903
109 0.201911085645
110 0.201750985878
111 0.202088038019
112 0.202298695608
113 0.202248137787
114 0.202037480198
115 0.202218645724
116 0.2021596616
117 0.202585189929
118 0.202121743234
119 0.201894233038
120 0.20159088611
121 0.2019237251
122 0.202168087903
123 0.202429303313
124 0.202404024403
125 0.202378745492
126 0.202378745492
127 0.202193366814
128 0.202382958644
129 0.202294482456
130 0.202399811251
131 0.202698945027
132 0.202163874751
133 0.201982709225
134 0.202218645724
135 0.202429303313
136 0.202243924635
137 0.202644174054
138 0.202559911018
139 0.202218645724
140 0.202193366814
141 0.202357679733
142 0.202079611716
143 0.202404024403
144 0.202568337322
145 0.202243924635
146 0.202176514207
147 0.202252350939
148 0.202193366814
149 0.202690518723
150 0.202336613974
151 0.202323974519
152 0.201949004011
153 0.201982709225
154 0.201881593583
155 0.202096464323
156 0.202332400822
157 0.202155448448
158 0.202332400822
159 0.20244615592
160 0.20234925343
161 0.202109103778
162 0.202479861135
163 0.202193366814
164 0.202218645724
165 0.202142808993
166 0.202130169537
167 0.202088038019
168 0.202155448448
169 0.20244615592
170 0.202429303313
171 0.202155448448
172 0.202201793117
173 0.202176514207
174 0.202125956385
175 0.202193366814
176 0.202176514207
177 0.202193366814
