1 0.305764411028
2 0.308860759494
3 0.335025380711
4 0.330749354005
5 0.267857142857
6 0.295454545455
7 0.279792746114
8 0.285333333333
9 0.279487179487
10 0.258793969849
11 0.273936170213
12 0.298153034301
13 0.125964010283
14 0.01
15 0.00501253132832
16 0.0074812967581
17 0.00501253132832
18 0.00751879699248
19 0.0075
20 0.00501253132832
21 0.0075
22 0.0075
23 0.166666666667
24 0.260759493671
25 0.269922879177
26 0.263027295285
27 0.278820375335
28 0.287234042553
29 0.280519480519
30 0.261421319797
31 0.271573604061
32 0.2625
33 0.103015075377
34 0.00997506234414
35 0.00501253132832
36 0.0075
37 0.005
38 0.0100250626566
39 0.0074812967581
40 0.00502512562814
41 0.00251256281407
42 0.00995024875622
43 0.167938931298
44 0.262626262626
45 0.284960422164
46 0.264781491003
47 0.276041666667
48 0.272727272727
49 0.259445843829
50 0.282258064516
51 0.269129287599
52 0.261194029851
53 0.102244389027
54 0.0075
55 0.01
56 0.00501253132832
57 0.0074812967581
58 0.0074812967581
59 0.005
60 0.0075
61 0.0075
62 0.0148514851485
63 0.00251256281407
64 0.283422459893
65 0.288770053476
66 0.288
67 0.292875989446
68 0.283018867925
69 0.287234042553
70 0.295514511873
71 0.289124668435
72 0.291777188329
73 0.282321899736
74 0.00751879699248
75 0.00251256281407
76 0.0124069478908
77 0.00502512562814
78 0.00501253132832
79 0.00753768844221
80 0.00995024875622
81 0.005
82 0.00501253132832
83 0.0176322418136
84 0.279792746114
85 0.278645833333
86 0.261964735516
87 0.260204081633
88 0.264631043257
89 0.261194029851
90 0.271540469974
91 0.287234042553
92 0.286096256684
93 0.253807106599
94 0.005
95 0.01
96 0.0075
97 0.00501253132832
98 0.00501253132832
99 0.00997506234414
100 0.0124378109453
101 0.00501253132832
102 0.0074812967581
103 0.0275689223058
104 0.26735218509
105 0.28835978836
106 0.293650793651
107 0.306493506494
108 0.285333333333
109 0.285333333333
110 0.287234042553
111 0.283068783069
112 0.277044854881
113 0.244736842105
114 0.0074812967581
115 0.0075
116 0.0124069478908
117 0.0
118 0.00502512562814
119 0.0124688279302
120 0.0074812967581
121 0.00997506234414
122 0.0075
123 0.0403022670025
124 0.261306532663
125 0.258145363409
126 0.266331658291
127 0.271052631579
128 0.289893617021
129 0.28418230563
130 0.291005291005
131 0.291005291005
132 0.283422459893
133 0.223918575064
134 0.00498753117207
135 0.00251889168766
136 0.0075
137 0.00751879699248
138 0.00995024875622
139 0.00995024875622
140 0.00751879699248
141 0.00995024875622
142 0.00502512562814
143 0.0573566084788
144 0.28125
145 0.267857142857
146 0.261845386534
147 0.264483627204
148 0.272264631043
149 0.270408163265
150 0.264483627204
151 0.261421319797
152 0.266497461929
153 0.217847769029
154 0.00501253132832
155 0.0124378109453
156 0.0124378109453
157 0.00501253132832
158 0.00751879699248
159 0.00501253132832
160 0.0075
161 0.005
162 0.00501253132832
163 0.072319201995
164 0.291777188329
165 0.265151515152
166 0.288770053476
167 0.281501340483
168 0.288770053476
169 0.295212765957
170 0.268844221106
171 0.280927835052
172 0.28125
173 0.202597402597
174 0.0124378109453
175 0.00751879699248
176 0.0074812967581
177 0.00251256281407
178 0.005
179 0.01
