1 0.329207920792
2 0.318181818182
3 0.305970149254
4 0.301507537688
5 0.267857142857
6 0.300531914894
7 0.242894056848
8 0.286472148541
9 0.285353535354
10 0.283068783069
11 0.265151515152
12 0.2725
13 0.265664160401
14 0.251295336788
15 0.290404040404
16 0.264483627204
17 0.288
18 0.281012658228
19 0.314136125654
20 0.29679144385
21 0.314960629921
22 0.313471502591
23 0.308707124011
24 0.302139037433
25 0.299465240642
26 0.294736842105
27 0.263819095477
28 0.268170426065
29 0.28391959799
30 0.270676691729
31 0.298429319372
32 0.30412371134
33 0.312335958005
34 0.309523809524
35 0.314136125654
36 0.302139037433
37 0.322077922078
38 0.298429319372
39 0.276139410188
40 0.311518324607
41 0.315104166667
42 0.31592689295
43 0.310526315789
44 0.311345646438
45 0.303191489362
46 0.317708333333
47 0.310526315789
48 0.314136125654
49 0.289002557545
50 0.306282722513
51 0.287179487179
52 0.298666666667
53 0.304232804233
54 0.297082228117
55 0.307086614173
56 0.301587301587
57 0.27989821883
58 0.29057591623
59 0.287179487179
60 0.287917737789
61 0.2890625
62 0.294594594595
63 0.305039787798
64 0.306878306878
65 0.301837270341
66 0.271820448878
67 0.27
68 0.270676691729
69 0.268844221106
70 0.281725888325
71 0.265664160401
72 0.273631840796
73 0.267002518892
74 0.264483627204
75 0.314432989691
76 0.308707124011
77 0.317708333333
78 0.300531914894
79 0.307894736842
80 0.316753926702
81 0.291666666667
82 0.270202020202
83 0.294710327456
84 0.269720101781
85 0.299479166667
86 0.280612244898
87 0.267002518892
88 0.283544303797
89 0.275064267352
90 0.2675
91 0.268170426065
92 0.282828282828
93 0.29490616622
94 0.303191489362
95 0.314960629921
96 0.307692307692
97 0.305263157895
98 0.296103896104
99 0.298387096774
100 0.304232804233
101 0.30585106383
102 0.304461942257
103 0.298666666667
104 0.305039787798
105 0.304232804233
106 0.306068601583
107 0.310526315789
108 0.311518324607
109 0.305039787798
110 0.319480519481
111 0.29797979798
112 0.268170426065
113 0.293059125964
114 0.277044854881
115 0.267002518892
116 0.273182957393
117 0.292428198433
118 0.304232804233
119 0.296
120 0.269230769231
121 0.2675
122 0.286458333333
123 0.284960422164
124 0.312335958005
125 0.30890052356
126 0.303430079156
127 0.307894736842
128 0.29679144385
129 0.309895833333
130 0.307086614173
131 0.315104166667
132 0.297709923664
133 0.29262086514
134 0.298387096774
135 0.288311688312
136 0.272959183673
137 0.310526315789
138 0.309711286089
139 0.307894736842
140 0.287531806616
141 0.270676691729
142 0.276381909548
143 0.263157894737
144 0.289124668435
145 0.293650793651
146 0.286863270777
147 0.291005291005
148 0.291777188329
149 0.291005291005
150 0.28418230563
151 0.292553191489
152 0.298429319372
153 0.281501340483
154 0.298429319372
155 0.294736842105
156 0.290666666667
157 0.303664921466
158 0.295212765957
159 0.294736842105
160 0.283018867925
161 0.288
162 0.3046875
163 0.292553191489
164 0.289893617021
165 0.289893617021
166 0.289893617021
167 0.296296296296
168 0.279569892473
169 0.289124668435
170 0.275773195876
171 0.291777188329
172 0.286472148541
173 0.260651629073
174 0.281012658228
175 0.288770053476
176 0.294736842105
177 0.303664921466
178 0.3046875
179 0.272020725389
