1 0.311720698254
2 0.250626566416
3 0.23
4 0.0225
5 0.0125313283208
6 0.00753768844221
7 0.0124069478908
8 0.00498753117207
9 0.0251889168766
10 0.0350877192982
11 0.0227272727273
12 0.0481012658228
13 0.00502512562814
14 0.0225563909774
15 0.0488431876607
16 0.0100502512563
17 0.00761421319797
18 0.0178117048346
19 0.0126582278481
20 0.00755667506297
21 0.0125628140704
22 0.00759493670886
23 0.0176322418136
24 0.0125628140704
25 0.0200501253133
26 0.0225563909774
27 0.0226130653266
28 0.0150753768844
29 0.0125
30 0.010101010101
31 0.00751879699248
32 0.00505050505051
33 0.0175879396985
34 0.0151515151515
35 0.0150753768844
36 0.0151133501259
37 0.0100502512563
38 0.0075
39 0.0174563591022
40 0.00751879699248
41 0.0173697270471
42 0.00503778337531
43 0.0201511335013
44 0.0100250626566
45 0.00502512562814
46 0.005
47 0.01
48 0.00761421319797
49 0.0126903553299
50 0.0175
51 0.00501253132832
52 0.00753768844221
53 0.0177664974619
54 0.0174563591022
55 0.0152284263959
56 0.0100250626566
57 0.0151133501259
58 0.0151515151515
59 0.00753768844221
60 0.0124688279302
61 0.00501253132832
62 0.0273631840796
63 0.0226130653266
64 0.0100250626566
65 0.0176767676768
66 0.0175438596491
67 0.0151133501259
68 0.00502512562814
69 0.0174563591022
70 0.0151133501259
71 0.0125628140704
72 0.00759493670886
73 0.0174129353234
74 0.00507614213198
75 0.0200501253133
76 0.0125313283208
77 0.00753768844221
78 0.0126903553299
79 0.0175879396985
80 0.0125628140704
81 0.015037593985
82 0.0230769230769
83 0.015037593985
84 0.0201005025126
85 0.0175
86 0.0177664974619
87 0.0175
88 0.0201005025126
89 0.0175438596491
90 0.00755667506297
91 0.01
92 0.00755667506297
93 0.00753768844221
94 0.0304568527919
95 0.0150753768844
96 0.0251889168766
97 0.0199004975124
98 0.0101265822785
99 0.0175
100 0.0126262626263
101 0.010101010101
102 0.0100502512563
103 0.0224438902743
104 0.0100502512563
105 0.00755667506297
106 0.0125628140704
107 0.0125628140704
108 0.0127877237852
109 0.0100755667506
110 0.0151515151515
111 0.0224438902743
112 0.00759493670886
113 0.0125313283208
114 0.010101010101
115 0.0325
116 0.0100755667506
117 0.015
118 0.00502512562814
119 0.0125628140704
120 0.0100250626566
121 0.0175438596491
122 0.0226130653266
123 0.0100502512563
124 0.0075
125 0.00753768844221
126 0.0150753768844
127 0.0173267326733
128 0.0125628140704
129 0.00753768844221
130 0.0125628140704
131 0.0201005025126
132 0.0149625935162
133 0.0125628140704
134 0.0100502512563
135 0.0100250626566
136 0.00761421319797
137 0.0226700251889
138 0.0151133501259
139 0.0251889168766
140 0.0075
141 0.0126262626263
142 0.01
143 0.010101010101
144 0.015
145 0.00757575757576
146 0.00997506234414
147 0.0175
148 0.0126903553299
149 0.0100250626566
150 0.0125
151 0.0250626566416
152 0.00502512562814
153 0.00502512562814
154 0.0125628140704
155 0.0225
156 0.0150753768844
157 0.00751879699248
158 0.0175438596491
159 0.0125313283208
160 0.0124688279302
161 0.0126262626263
162 0.00755667506297
163 0.0275
164 0.0176767676768
165 0.0175879396985
166 0.0100502512563
167 0.00997506234414
168 0.0278481012658
169 0.0151898734177
170 0.0151133501259
171 0.0075
172 0.01
173 0.00751879699248
174 0.00501253132832
175 0.0075
176 0.0225563909774
177 0.0205128205128
178 0.01
179 0.00753768844221
