1 0.168665104992
2 0.17523762176
3 0.180268124979
4 0.182113485456
5 0.184287471772
6 0.185189086252
7 0.18817621086
8 0.18914944892
9 0.191449829789
10 0.19332889548
11 0.195515521251
12 0.201123226263
13 0.201426573191
14 0.20137601537
15 0.20163723078
16 0.201443425798
17 0.201628804476
18 0.201603525565
19 0.201354949611
20 0.201498196771
21 0.201464491557
22 0.201548754592
23 0.203587920051
24 0.20517627827
25 0.207506151202
26 0.209174559304
27 0.210796622738
28 0.218553035155
29 0.223204354714
30 0.223570898918
31 0.226789746874
32 0.229549361286
33 0.22989062658
34 0.230257170784
35 0.230046513196
36 0.230109710472
37 0.229949610705
38 0.230054939499
39 0.230067578954
40 0.229949610705
41 0.229806363544
42 0.22996225016
43 0.232325828306
44 0.232852472277
45 0.23580167852
46 0.237524857595
47 0.249823047625
48 0.250214870741
49 0.258173514443
50 0.258502140281
51 0.258809700361
52 0.263899187704
53 0.263578988169
54 0.264059287472
55 0.263873908794
56 0.263671677509
57 0.263621119687
58 0.263524217196
59 0.264012942802
60 0.263448380464
61 0.263814924669
62 0.263684316964
63 0.264034008561
64 0.269115069601
65 0.268845427888
66 0.273871717955
67 0.274132933365
68 0.279188715494
69 0.279319323199
70 0.279694293707
71 0.279732212073
72 0.289451953217
73 0.290581077893
74 0.290964474704
75 0.290939195794
76 0.290728538205
77 0.290745390812
78 0.29062320941
79 0.2905979305
80 0.290998179918
81 0.290989753615
82 0.292696080084
83 0.303250025279
84 0.30360814318
85 0.30356179851
86 0.303481748627
87 0.318265698204
88 0.318337321784
89 0.318670160774
90 0.318876605211
91 0.31882604739
92 0.318767063265
93 0.318598537194
94 0.318783915872
95 0.318623816104
96 0.318059253767
97 0.318476355792
98 0.31866173447
99 0.31866173447
100 0.318442650578
101 0.318493208399
102 0.327673666116
103 0.327669452964
104 0.327168087903
105 0.326826822609
106 0.336285348343
107 0.336386463986
108 0.336415956048
109 0.33615895379
110 0.345191951195
111 0.345617479524
112 0.345958744818
113 0.345925039604
114 0.346055647309
115 0.345950318514
116 0.345819710809
117 0.345769152988
118 0.34558377431
119 0.345756513533
120 0.345819710809
121 0.345625905828
122 0.345722808318
123 0.34577336614
124 0.345954531666
125 0.346114631433
126 0.345984023728
127 0.345925039604
128 0.345920826452
129 0.345790218747
130 0.345811284506
131 0.345794431899
132 0.345731234622
133 0.346055647309
134 0.345941892211
135 0.34610620513
136 0.34577336614
137 0.345668037345
138 0.34558377431
139 0.345398395632
140 0.345373116721
141 0.345853416023
142 0.345794431899
143 0.345739660926
144 0.345680676801
145 0.346080926219
146 0.345756513533
147 0.345790218747
148 0.345697529408
149 0.345642758435
150 0.345941892211
151 0.345925039604
152 0.345739660926
153 0.345739660926
154 0.346055647309
155 0.346055647309
156 0.345710168863
157 0.346043007853
158 0.346055647309
159 0.345878694934
160 0.345920826452
161 0.346131484041
162 0.345840776568
163 0.345950318514
164 0.346211533924
165 0.346186255014
166 0.345903973845
167 0.345950318514
168 0.345764939836
169 0.34596295797
170 0.345823923961
171 0.345958744818
172 0.346089352523
173 0.346089352523
174 0.34577336614
175 0.345617479524
176 0.345470019212
177 0.345836563416
