1 0.168951599312
2 0.175364016313
3 0.180874818834
4 0.182758097678
5 0.183124641882
6 0.183036165695
7 0.183200478614
8 0.183385857292
9 0.18368920422
10 0.183196265462
11 0.182808655499
12 0.183103576123
13 0.183027739391
14 0.183044591998
15 0.183183626007
16 0.18312042873
17 0.18309514982
18 0.18266962149
19 0.182994034177
20 0.18283393441
21 0.183124641882
22 0.183533317604
23 0.183385857292
24 0.183251036435
25 0.183183626007
26 0.183103576123
27 0.183314233712
28 0.183251036435
29 0.183402709899
30 0.183533317604
31 0.183347938926
32 0.183347938926
33 0.183714483131
34 0.183503825542
35 0.183411136203
36 0.18342798881
37 0.183402709899
38 0.183444841417
39 0.183154133945
40 0.18335636523
41 0.183461694024
42 0.183006673632
43 0.183411136203
44 0.183297381105
45 0.183255249587
46 0.1831667734
47 0.183183626007
48 0.18335636523
49 0.18302352624
50 0.18283393441
51 0.182947689508
52 0.183103576123
53 0.182994034177
54 0.183331086319
55 0.1829308369
56 0.18338164414
57 0.18338164414
58 0.183541743908
59 0.183541743908
60 0.183331086319
61 0.183251036435
62 0.183158347096
63 0.183158347096
64 0.183251036435
65 0.183516464997
66 0.183533317604
67 0.183170986552
68 0.183482759783
69 0.183680777916
70 0.183512251845
71 0.183335299471
72 0.183385857292
73 0.183444841417
74 0.183162560248
75 0.183280528498
76 0.183322660016
77 0.183411136203
78 0.183103576123
79 0.183411136203
80 0.183301594257
81 0.18319205231
82 0.18354595706
83 0.183722909434
84 0.183575449122
85 0.183558596515
86 0.183550170211
87 0.183331086319
88 0.18312042873
89 0.182774950285
90 0.182783376588
91 0.183251036435
92 0.183516464997
93 0.183647072702
94 0.183444841417
95 0.183331086319
96 0.182998247329
97 0.182867639624
98 0.18290555799
99 0.183251036435
100 0.18338164414
101 0.183255249587
102 0.183516464997
103 0.183663925309
104 0.185125888975
105 0.185151167886
106 0.1849489366
107 0.184721426405
108 0.184750918467
109 0.185117462671
110 0.185142741582
111 0.185475580572
112 0.185475580572
113 0.185450301662
114 0.185450301662
115 0.185134315279
116 0.185159594189
117 0.185100610064
118 0.185083757457
119 0.185307054501
120 0.185509285787
121 0.185484006876
122 0.185193299403
123 0.185307054501
124 0.185151167886
125 0.185083757457
126 0.185290201894
127 0.185003707574
128 0.185315480805
129 0.185214365162
130 0.185290201894
131 0.184982641815
132 0.184654015976
133 0.185142741582
134 0.185639893492
135 0.185151167886
136 0.184873099869
137 0.185366038626
138 0.185606188277
139 0.1857789275
140 0.185429235903
141 0.185403956992
142 0.185134315279
143 0.185176446796
144 0.185117462671
145 0.185117462671
146 0.184906805083
147 0.185214365162
148 0.185214365162
149 0.185344972867
150 0.185315480805
151 0.184898378779
152 0.185134315279
153 0.1849489366
154 0.184713000101
155 0.185201725707
156 0.185420809599
157 0.185168020493
158 0.185134315279
159 0.185012133877
160 0.185231217769
161 0.185210152011
162 0.185100610064
163 0.185475580572
164 0.185159594189
165 0.185028986484
166 0.185134315279
167 0.185429235903
168 0.185378678081
169 0.185037412788
170 0.185370251778
171 0.184793049985
172 0.184776197378
173 0.185193299403
174 0.18551771209
175 0.185344972867
176 0.185344972867
177 0.185109036368
