1 0.316049382716
2 0.330827067669
3 0.273631840796
4 0.00997506234414
5 0.0300751879699
6 0.01
7 0.152119700748
8 0.0275
9 0.0075
10 0.0525
11 0.00995024875622
12 0.01
13 0.00997506234414
14 0.0929648241206
15 0.00995024875622
16 0.0100250626566
17 0.0074812967581
18 0.01
19 0.01
20 0.0477386934673
21 0.01
22 0.02
23 0.0075
24 0.00501253132832
25 0.0124688279302
26 0.005
27 0.00501253132832
28 0.0349127182045
29 0.01
30 0.00997506234414
31 0.00751879699248
32 0.035175879397
33 0.00501253132832
34 0.0125313283208
35 0.005
36 0.0174563591022
37 0.0100250626566
38 0.014888337469
39 0.0326633165829
40 0.00501253132832
41 0.0075
42 0.0075
43 0.0399002493766
44 0.0075
45 0.0551378446115
46 0.00995024875622
47 0.015
48 0.00746268656716
49 0.08
50 0.0074812967581
51 0.0125628140704
52 0.00251889168766
53 0.025
54 0.00251256281407
55 0.0423940149626
56 0.00751879699248
57 0.0175
58 0.00995024875622
59 0.0175879396985
60 0.00997506234414
61 0.00503778337531
62 0.00498753117207
63 0.0124378109453
64 0.00501253132832
65 0.0226130653266
66 0.005
67 0.025
68 0.0074812967581
69 0.0125628140704
70 0.0124378109453
71 0.00751879699248
72 0.0074812967581
73 0.00753768844221
74 0.0201511335013
75 0.005
76 0.0201511335013
77 0.0124069478908
78 0.0125628140704
79 0.00997506234414
80 0.00501253132832
81 0.0075
82 0.0503778337531
83 0.0074812967581
84 0.0299251870324
85 0.00501253132832
86 0.01
87 0.00251889168766
88 0.0353535353535
89 0.00746268656716
90 0.0125628140704
91 0.00751879699248
92 0.0125628140704
93 0.005
94 0.0325
95 0.00751879699248
96 0.0176322418136
97 0.005
98 0.0575
99 0.005
100 0.0124688279302
101 0.0075
102 0.0124688279302
103 0.005
104 0.0125
105 0.00501253132832
106 0.015
107 0.00997506234414
108 0.0174129353234
109 0.00997506234414
110 0.0100502512563
111 0.0074812967581
112 0.0100502512563
113 0.01
114 0.00997506234414
115 0.0075
116 0.0075
117 0.0074812967581
118 0.0124688279302
119 0.00501253132832
120 0.00751879699248
121 0.00751879699248
122 0.01
123 0.00995024875622
124 0.005
125 0.00501253132832
126 0.0124688279302
127 0.005
128 0.0175
129 0.0075
130 0.0075
131 0.0175879396985
132 0.01
133 0.0074812967581
134 0.00501253132832
135 0.01
136 0.00751879699248
137 0.0075
138 0.00501253132832
139 0.0224438902743
140 0.00751879699248
141 0.0075
142 0.0075
143 0.0125313283208
144 0.0074812967581
145 0.0274314214464
146 0.00751879699248
147 0.0125
148 0.0075
149 0.0325
150 0.00501253132832
151 0.01
152 0.0074812967581
153 0.0201005025126
154 0.00501253132832
155 0.0125944584383
156 0.0074812967581
157 0.0100755667506
158 0.0075
159 0.00751879699248
160 0.014888337469
161 0.0100250626566
162 0.00502512562814
163 0.0173697270471
164 0.00502512562814
165 0.015037593985
166 0.0074812967581
167 0.0150753768844
168 0.0074812967581
169 0.01
170 0.00501253132832
171 0.0075
172 0.00501253132832
173 0.01
174 0.0075
175 0.0224438902743
176 0.00501253132832
177 0.0177215189873
178 0.00997506234414
179 0.0475
