1 0.311720698254
2 0.32241813602
3 0.299251870324
4 0.265091863517
5 0.308673469388
6 0.280519480519
7 0.216145833333
8 0.395287958115
9 0.204188481675
10 0.192207792208
11 0.190231362468
12 0.188144329897
13 0.183246073298
14 0.179894179894
15 0.191326530612
16 0.202099737533
17 0.176
18 0.187335092348
19 0.185863874346
20 0.164864864865
21 0.173796791444
22 0.183246073298
23 0.182305630027
24 0.20822622108
25 0.174731182796
26 0.199481865285
27 0.158038147139
28 0.151761517615
29 0.185863874346
30 0.185185185185
31 0.185676392573
32 0.16935483871
33 0.190600522193
34 0.188976377953
35 0.177248677249
36 0.181578947368
37 0.173333333333
38 0.229381443299
39 0.193717277487
40 0.178191489362
41 0.194300518135
42 0.181102362205
43 0.204603580563
44 0.181818181818
45 0.19794344473
46 0.179894179894
47 0.18961038961
48 0.160326086957
49 0.185089974293
50 0.137755102041
51 0.00997506234414
52 0.0025
53 0.0125944584383
54 0.01
55 0.0074812967581
56 0.0124378109453
57 0.00502512562814
58 0.0075
59 0.00502512562814
60 0.00997506234414
61 0.00751879699248
62 0.0125
63 0.0125628140704
64 0.0075
65 0.00751879699248
66 0.01
67 0.005
68 0.0100250626566
69 0.00995024875622
70 0.00751879699248
71 0.00251889168766
72 0.01
73 0.0199004975124
74 0.00751879699248
75 0.00995024875622
76 0.01
77 0.0075
78 0.0124688279302
79 0.0075
80 0.0124688279302
81 0.00995024875622
82 0.0125
83 0.0149625935162
84 0.01
85 0.00751879699248
86 0.00751879699248
87 0.00501253132832
88 0.01
89 0.0123762376238
90 0.0100250626566
91 0.0074812967581
92 0.00753768844221
93 0.0175
94 0.00751879699248
95 0.00498753117207
96 0.0125313283208
97 0.005
98 0.0075
99 0.00751879699248
100 0.00997506234414
101 0.0075
102 0.00997506234414
103 0.0527638190955
104 0.01
105 0.00997506234414
106 0.0149253731343
107 0.00250626566416
108 0.00753768844221
109 0.0074812967581
110 0.0324189526185
111 0.00501253132832
112 0.01
113 0.0223325062035
114 0.00751879699248
115 0.005
116 0.0100250626566
117 0.0074812967581
118 0.0074812967581
119 0.00501253132832
120 0.0100250626566
121 0.00995024875622
122 0.00502512562814
123 0.0248138957816
124 0.0075
125 0.00502512562814
126 0.00997506234414
127 0.00501253132832
128 0.005
129 0.00751879699248
130 0.00997506234414
131 0.00501253132832
132 0.00502512562814
133 0.015
134 0.00751879699248
135 0.00251256281407
136 0.0124688279302
137 0.0124688279302
138 0.0125
139 0.005
140 0.01
141 0.0074812967581
142 0.00502512562814
143 0.0175
144 0.0124378109453
145 0.00997506234414
146 0.0100250626566
147 0.00995024875622
148 0.00751879699248
149 0.005
150 0.01
151 0.00997506234414
152 0.0075
153 0.015037593985
154 0.0125
155 0.005
156 0.00502512562814
157 0.00501253132832
158 0.0075
159 0.00997506234414
160 0.0149253731343
161 0.00501253132832
162 0.00502512562814
163 0.0125628140704
164 0.0125313283208
165 0.00501253132832
166 0.00501253132832
167 0.01
168 0.0149253731343
169 0.005
170 0.00997506234414
171 0.00751879699248
172 0.0074812967581
173 0.0175438596491
174 0.00997506234414
175 0.00751879699248
176 0.0075
177 0.0075
178 0.0124378109453
179 0.00251889168766
