1 0.189857258418
2 0.196050591527
3 0.201552967744
4 0.203550001685
5 0.203756446122
6 0.203853348613
7 0.204051366746
8 0.204009235229
9 0.203828069702
10 0.20387020122
11 0.203887053827
12 0.203836496006
13 0.204009235229
14 0.203562641141
15 0.203592133203
16 0.203756446122
17 0.203756446122
18 0.203920759041
19 0.204122990327
20 0.203832282854
21 0.203815430247
22 0.203975530014
23 0.203684822542
24 0.203587920051
25 0.20413141663
26 0.204350500522
27 0.20432100846
28 0.204455829317
29 0.204451616165
30 0.205323738582
31 0.205155212511
32 0.205656577573
33 0.206048400688
34 0.205686069635
35 0.205829316795
36 0.206179008393
37 0.206048400688
38 0.205892514072
39 0.205884087768
40 0.206023121777
41 0.205660790724
42 0.20543749368
43 0.205631298662
44 0.205892514072
45 0.205892514072
46 0.206018908625
47 0.205707135394
48 0.205707135394
49 0.205416427921
50 0.205479625198
51 0.205732414304
52 0.205374296404
53 0.20503303111
54 0.205429067377
55 0.205892514072
56 0.205496477805
57 0.205129933601
58 0.205349017493
59 0.205648151269
60 0.205315312279
61 0.205420641073
62 0.205445919984
63 0.205054096869
64 0.205635511814
65 0.205184704574
66 0.205011965351
67 0.205445919984
68 0.205374296404
69 0.205209983484
70 0.205395362163
71 0.205235262395
72 0.205003539047
73 0.205479625198
74 0.205761906367
75 0.205551248778
76 0.205601806599
77 0.205542822475
78 0.205787185278
79 0.205804037885
80 0.205774545822
81 0.205311099127
82 0.205622872358
83 0.205909366679
84 0.205787185278
85 0.205547035626
86 0.205239475547
87 0.205268967609
88 0.205323738582
89 0.205454346287
90 0.205551248778
91 0.205761906367
92 0.205559675082
93 0.205635511814
94 0.205420641073
95 0.205403788466
96 0.205795611581
97 0.205926219286
98 0.205900940375
99 0.205736627456
100 0.205761906367
101 0.205551248778
102 0.205610232903
103 0.205399575314
104 0.205559675082
105 0.205740840608
106 0.205559675082
107 0.205652364421
108 0.205656577573
109 0.205601806599
110 0.205837743099
111 0.206073679598
112 0.205757693215
113 0.20588830092
114 0.206098958509
115 0.206309616098
116 0.206288550339
117 0.206229566214
118 0.206334895008
119 0.206284337187
120 0.206153729482
121 0.205837743099
122 0.205985203411
123 0.20543749368
124 0.205572314537
125 0.205879874617
126 0.206212713607
127 0.206499207927
128 0.206343321312
129 0.206318042401
130 0.206073679598
131 0.205521756716
132 0.205968350804
133 0.206301189794
134 0.205968350804
135 0.2059599245
136 0.205757693215
137 0.205804037885
138 0.205917792983
139 0.205968350804
140 0.205787185278
141 0.206414944892
142 0.206532913142
143 0.206676160302
144 0.206360173919
145 0.206368600222
146 0.206183221544
147 0.206473929017
148 0.206280124035
149 0.20612423742
150 0.206309616098
151 0.206179008393
152 0.206065253295
153 0.206621389329
154 0.206954228319
155 0.206461289561
156 0.206541339445
157 0.206709865516
158 0.206709865516
159 0.206499207927
160 0.206596110418
161 0.206937375712
162 0.206912096801
163 0.206558192052
164 0.206806768007
165 0.206478142169
166 0.206781489096
167 0.206368600222
168 0.206655094543
169 0.206473929017
170 0.206301189794
171 0.206507634231
172 0.206751997034
173 0.206570831508
174 0.206638241936
175 0.206832046918
176 0.206436010651
177 0.206604536722
