1 0.31421446384
2 0.32241813602
3 0.291139240506
4 0.330024813896
5 0.29057591623
6 0.263157894737
7 0.239361702128
8 0.182989690722
9 0.404466501241
10 0.168831168831
11 0.139841688654
12 0.1328125
13 0.0176767676768
14 0.015
15 0.0125313283208
16 0.00997506234414
17 0.00995024875622
18 0.0075
19 0.0075
20 0.0075
21 0.00997506234414
22 0.0125944584383
23 0.141361256545
24 0.210784313725
25 0.154046997389
26 0.12401055409
27 0.162790697674
28 0.161038961039
29 0.140211640212
30 0.158163265306
31 0.128272251309
32 0.191435768262
33 0.0150753768844
34 0.0125
35 0.00753768844221
36 0.0075
37 0.0075
38 0.005
39 0.01
40 0.0173267326733
41 0.00501253132832
42 0.010101010101
43 0.167958656331
44 0.157068062827
45 0.101333333333
46 0.151282051282
47 0.153034300792
48 0.161125319693
49 0.110215053763
50 0.149484536082
51 0.158854166667
52 0.119047619048
53 0.0100755667506
54 0.0125628140704
55 0.0075
56 0.005
57 0.0075
58 0.005
59 0.00502512562814
60 0.0075
61 0.0074812967581
62 0.0176767676768
63 0.15445026178
64 0.158854166667
65 0.18112244898
66 0.159383033419
67 0.136842105263
68 0.133507853403
69 0.158974358974
70 0.133689839572
71 0.130890052356
72 0.110824742268
73 0.0150753768844
74 0.0125313283208
75 0.01
76 0.00753768844221
77 0.00746268656716
78 0.00997506234414
79 0.0124688279302
80 0.01
81 0.00502512562814
82 0.0177215189873
83 0.170103092784
84 0.145118733509
85 0.145454545455
86 0.147208121827
87 0.148717948718
88 0.168797953964
89 0.166666666667
90 0.149100257069
91 0.150259067358
92 0.11780104712
93 0.0175879396985
94 0.00755667506297
95 0.0100250626566
96 0.0075
97 0.00995024875622
98 0.00502512562814
99 0.0074812967581
100 0.00502512562814
101 0.0123762376238
102 0.0329949238579
103 0.30534351145
104 0.202046035806
105 0.143979057592
106 0.13881748072
107 0.132124352332
108 0.228070175439
109 0.154855643045
110 0.172151898734
111 0.164974619289
112 0.112531969309
113 0.0200501253133
114 0.0125
115 0.00502512562814
116 0.01
117 0.00498753117207
118 0.00753768844221
119 0.00995024875622
120 0.005
121 0.00753768844221
122 0.0403022670025
123 0.172236503856
124 0.137931034483
125 0.194936708861
126 0.149606299213
127 0.126649076517
128 0.125654450262
129 0.131367292225
130 0.134048257373
131 0.15206185567
132 0.0981912144703
133 0.0175879396985
134 0.0100250626566
135 0.01
136 0.00502512562814
137 0.00751879699248
138 0.0075
139 0.0075
140 0.005
141 0.00751879699248
142 0.0306905370844
143 0.158441558442
144 0.143617021277
145 0.117333333333
146 0.147959183673
147 0.150649350649
148 0.128342245989
149 0.157480314961
150 0.151282051282
151 0.123359580052
152 0.104591836735
153 0.0176322418136
154 0.0198511166253
155 0.0100250626566
156 0.0124378109453
157 0.0124069478908
158 0.00751879699248
159 0.0075
160 0.0075
161 0.00501253132832
162 0.0379746835443
163 0.153439153439
164 0.170918367347
165 0.150895140665
166 0.142118863049
167 0.132978723404
168 0.149484536082
169 0.161538461538
170 0.135416666667
171 0.144736842105
172 0.0981912144703
173 0.0226130653266
174 0.0100502512563
175 0.0124688279302
176 0.00501253132832
177 0.01
178 0.00746268656716
179 0.00753768844221
