1 0.305
2 0.33
3 0.2575
4 0.01
5 0.0124378109453
6 0.00997506234414
7 0.00751879699248
8 0.0124378109453
9 0.00997506234414
10 0.0124688279302
11 0.01
12 0.0124378109453
13 0.0125
14 0.00997506234414
15 0.0173697270471
16 0.0075
17 0.00501253132832
18 0.00751879699248
19 0.0124378109453
20 0.0124378109453
21 0.01
22 0.00997506234414
23 0.0075
24 0.01
25 0.0149625935162
26 0.01
27 0.00751879699248
28 0.0100250626566
29 0.00997506234414
30 0.0075
31 0.0075
32 0.00997506234414
33 0.00753768844221
34 0.00997506234414
35 0.00751879699248
36 0.0173267326733
37 0.00997506234414
38 0.00997506234414
39 0.00751879699248
40 0.0075
41 0.0124378109453
42 0.01
43 0.01
44 0.0075
45 0.00997506234414
46 0.01
47 0.0124069478908
48 0.00751879699248
49 0.00751879699248
50 0.0149253731343
51 0.0149253731343
52 0.00995024875622
53 0.00503778337531
54 0.00751879699248
55 0.0123762376238
56 0.00502512562814
57 0.00753768844221
58 0.0124688279302
59 0.00995024875622
60 0.0124688279302
61 0.00997506234414
62 0.00997506234414
63 0.00251889168766
64 0.00498753117207
65 0.00501253132832
66 0.0075
67 0.00751879699248
68 0.0124378109453
69 0.00997506234414
70 0.01
71 0.0074812967581
72 0.0125
73 0.0124688279302
74 0.0074812967581
75 0.01
76 0.00501253132832
77 0.00501253132832
78 0.01
79 0.0075
80 0.0075
81 0.00751879699248
82 0.0124069478908
83 0.00997506234414
84 0.0100250626566
85 0.0124069478908
86 0.01
87 0.00501253132832
88 0.0173267326733
89 0.00997506234414
90 0.00751879699248
91 0.00501253132832
92 0.0124688279302
93 0.0075
94 0.00753768844221
95 0.0074812967581
96 0.00751879699248
97 0.00997506234414
98 0.01
99 0.01
100 0.0125
101 0.0075
102 0.0124688279302
103 0.00751879699248
104 0.0174563591022
105 0.0124378109453
106 0.00753768844221
107 0.00997506234414
108 0.0125
109 0.0124688279302
110 0.0075
111 0.00992555831266
112 0.00753768844221
113 0.01
114 0.0075
115 0.0074812967581
116 0.01
117 0.00251256281407
118 0.0075
119 0.01
120 0.00997506234414
121 0.00997506234414
122 0.0075
123 0.0100250626566
124 0.00501253132832
125 0.0149625935162
126 0.00751879699248
127 0.014888337469
128 0.00501253132832
129 0.00498753117207
130 0.00502512562814
131 0.0075
132 0.0074812967581
133 0.0149625935162
134 0.0124688279302
135 0.00502512562814
136 0.0124378109453
137 0.00997506234414
138 0.0075
139 0.00502512562814
140 0.0075
141 0.0149253731343
142 0.0074812967581
143 0.00502512562814
144 0.00751879699248
145 0.00501253132832
146 0.0075
147 0.0075
148 0.014888337469
149 0.0124688279302
150 0.00501253132832
151 0.0124688279302
152 0.00751879699248
153 0.00751879699248
154 0.0173267326733
155 0.00997506234414
156 0.0100250626566
157 0.00501253132832
158 0.00997506234414
159 0.00501253132832
160 0.00751879699248
161 0.01
162 0.00995024875622
163 0.0124688279302
164 0.00751879699248
165 0.00997506234414
166 0.0124688279302
167 0.0124378109453
168 0.00997506234414
169 0.01
170 0.00501253132832
171 0.00501253132832
172 0.01
173 0.0149253731343
174 0.00501253132832
175 0.0125
176 0.00501253132832
177 0.00751879699248
178 0.00501253132832
179 0.00997506234414
