1 0.119371229229
2 0.125808925141
3 0.131741042839
4 0.133245138023
5 0.133691732111
6 0.1336664532
7 0.13385604503
8 0.13385604503
9 0.133531632344
10 0.134083555226
11 0.133645387441
12 0.133822339816
13 0.13383076612
14 0.133847618727
15 0.133995079039
16 0.133978226432
17 0.133952947521
18 0.134011931646
19 0.134058276315
20 0.133961373825
21 0.133721224173
22 0.133708584718
23 0.1336664532
24 0.133531632344
25 0.133422090397
26 0.133915029155
27 0.133952947521
28 0.134058276315
29 0.133847618727
30 0.133847618727
31 0.133792847754
32 0.133708584718
33 0.133409450942
34 0.133742289932
35 0.133952947521
36 0.133961373825
37 0.133906602851
38 0.133952947521
39 0.133822339816
40 0.133978226432
41 0.133645387441
42 0.133586403317
43 0.13411726044
44 0.134108834137
45 0.133898176548
46 0.133952947521
47 0.133936094914
48 0.133923455459
49 0.133375745728
50 0.133775995146
51 0.134058276315
52 0.133586403317
53 0.133742289932
54 0.1336664532
55 0.133881323941
56 0.13383076612
57 0.133700158415
58 0.133350466817
59 0.133358893121
60 0.133274630085
61 0.133325187907
62 0.133700158415
63 0.133611682227
64 0.133881323941
65 0.13392766861
66 0.134058276315
67 0.133944521217
68 0.133843405575
69 0.133700158415
70 0.133683305807
71 0.133683305807
72 0.133628534834
73 0.134134113047
74 0.134108834137
75 0.134007718494
76 0.133847618727
77 0.134003505342
78 0.133577977013
79 0.133577977013
80 0.133569550709
81 0.133742289932
82 0.1336664532
83 0.133889750244
84 0.133662240049
85 0.133864471334
86 0.133978226432
87 0.133565337558
88 0.133822339816
89 0.133847618727
90 0.134011931646
91 0.134058276315
92 0.133881323941
93 0.133742289932
94 0.135393845428
95 0.135364353365
96 0.135334861303
97 0.135389632276
98 0.135339074455
99 0.135082072197
100 0.135039940679
101 0.135414911187
102 0.135621355624
103 0.135229532509
104 0.135650847686
105 0.135553945195
106 0.135212679902
107 0.135103137955
108 0.134968317099
109 0.135520239981
110 0.135781455391
111 0.135815160605
112 0.1356845529
113 0.135520239981
114 0.135221106205
115 0.135389632276
116 0.135709831811
117 0.13535171391
118 0.135621355624
119 0.135886784186
120 0.135676126597
121 0.134993596009
122 0.135229532509
123 0.135124203714
124 0.135056793286
125 0.135448616401
126 0.135781455391
127 0.135621355624
128 0.13549496107
129 0.135596076713
130 0.13554130574
131 0.135642421383
132 0.135886784186
133 0.135570797802
134 0.135676126597
135 0.135815160605
136 0.13558765041
137 0.135718258115
138 0.13516212208
139 0.135364353365
140 0.135381205973
141 0.135389632276
142 0.13539805858
143 0.135676126597
144 0.135600289865
145 0.135760389632
146 0.135625568775
147 0.135794094846
148 0.135667700293
149 0.135465469008
150 0.135756176481
151 0.13573089757
152 0.135579224106
153 0.135579224106
154 0.135642421383
155 0.135625568775
156 0.135718258115
157 0.136017391891
158 0.13580252115
159 0.135735110722
160 0.135781455391
161 0.135756176481
162 0.1356845529
163 0.136059523408
164 0.135760389632
165 0.135857292123
166 0.135705618659
167 0.135625568775
168 0.135642421383
169 0.1356845529
170 0.1359204894
171 0.135937342007
172 0.135465469008
173 0.135553945195
174 0.135414911187
175 0.135667700293
176 0.135625568775
177 0.135726684418
