1 0.31017369727
2 0.333333333333
3 0.261964735516
4 0.00502512562814
5 0.0515970515971
6 0.0100250626566
7 0.0075
8 0.0475
9 0.0075
10 0.0124688279302
11 0.0075
12 0.0808080808081
13 0.00751879699248
14 0.015
15 0.00251889168766
16 0.0100250626566
17 0.00746268656716
18 0.0502512562814
19 0.00501253132832
20 0.0151133501259
21 0.0124688279302
22 0.00997506234414
23 0.00501253132832
24 0.00502512562814
25 0.00995024875622
26 0.0201005025126
27 0.005
28 0.0150753768844
29 0.0075
30 0.0253164556962
31 0.00501253132832
32 0.01
33 0.0124378109453
34 0.0201005025126
35 0.01
36 0.00751879699248
37 0.0125313283208
38 0.0075
39 0.0075
40 0.0075
41 0.0621890547264
42 0.00501253132832
43 0.0501253132832
44 0.0075
45 0.00502512562814
46 0.00997506234414
47 0.0784810126582
48 0.00992555831266
49 0.0125313283208
50 0.0075
51 0.0151515151515
52 0.00751879699248
53 0.0473815461347
54 0.00501253132832
55 0.0125
56 0.00751879699248
57 0.0275689223058
58 0.0075
59 0.00751879699248
60 0.0124378109453
61 0.00251256281407
62 0.0025
63 0.025
64 0.00997506234414
65 0.0175438596491
66 0.0100502512563
67 0.005
68 0.0125628140704
69 0.00501253132832
70 0.00751879699248
71 0.00995024875622
72 0.0226130653266
73 0.00751879699248
74 0.0251256281407
75 0.00995024875622
76 0.0100755667506
77 0.0074812967581
78 0.00755667506297
79 0.005
80 0.0371287128713
81 0.00751879699248
82 0.00997506234414
83 0.0075
84 0.00751879699248
85 0.0075
86 0.0554156171285
87 0.00501253132832
88 0.0275
89 0.0124378109453
90 0.0225
91 0.01
92 0.0300751879699
93 0.0074812967581
94 0.037037037037
95 0.00502512562814
96 0.0502512562814
97 0.005
98 0.0125
99 0.00501253132832
100 0.00501253132832
101 0.0074812967581
102 0.00502512562814
103 0.00502512562814
104 0.0125313283208
105 0.00501253132832
106 0.0100250626566
107 0.00501253132832
108 0.0100502512563
109 0.0075
110 0.0100250626566
111 0.0124378109453
112 0.01
113 0.00501253132832
114 0.00501253132832
115 0.0075
116 0.0075
117 0.00501253132832
118 0.0124688279302
119 0.00997506234414
120 0.01
121 0.0074812967581
122 0.005
123 0.00995024875622
124 0.00502512562814
125 0.0100250626566
126 0.005
127 0.0174563591022
128 0.0075
129 0.0325
130 0.005
131 0.00251889168766
132 0.00995024875622
133 0.015
134 0.00498753117207
135 0.0100502512563
136 0.00995024875622
137 0.0175438596491
138 0.00501253132832
139 0.0149625935162
140 0.005
141 0.0124688279302
142 0.00997506234414
143 0.0275
144 0.00501253132832
145 0.0125628140704
146 0.0124688279302
147 0.0275689223058
148 0.00501253132832
149 0.00995024875622
150 0.00751879699248
151 0.0225
152 0.005
153 0.0175438596491
154 0.00751879699248
155 0.0175
156 0.00997506234414
157 0.0124688279302
158 0.00501253132832
159 0.0100250626566
160 0.00502512562814
161 0.0124688279302
162 0.0075
163 0.00753768844221
164 0.0075
165 0.0224438902743
166 0.0124378109453
167 0.00502512562814
168 0.0075
169 0.005
170 0.0075
171 0.0124688279302
172 0.00501253132832
173 0.0225
174 0.00502512562814
175 0.0250626566416
176 0.00501253132832
177 0.00751879699248
178 0.0176767676768
179 0.005
