1 0.308270676692
2 0.33
3 0.292191435768
4 0.292191435768
5 0.315384615385
6 0.304347826087
7 0.21409921671
8 0.417948717949
9 0.194736842105
10 0.172323759791
11 0.203608247423
12 0.204603580563
13 0.015037593985
14 0.00997506234414
15 0.00501253132832
16 0.00502512562814
17 0.00501253132832
18 0.00997506234414
19 0.00751879699248
20 0.00992555831266
21 0.00503778337531
22 0.015037593985
23 0.171052631579
24 0.170666666667
25 0.175853018373
26 0.202099737533
27 0.191601049869
28 0.163101604278
29 0.190600522193
30 0.192207792208
31 0.20207253886
32 0.141333333333
33 0.014888337469
34 0.00502512562814
35 0.005
36 0.0124069478908
37 0.00251889168766
38 0.00997506234414
39 0.00997506234414
40 0.01
41 0.01
42 0.0225
43 0.201030927835
44 0.198952879581
45 0.181102362205
46 0.204134366925
47 0.193298969072
48 0.176470588235
49 0.179419525066
50 0.163101604278
51 0.168421052632
52 0.160104986877
53 0.0125
54 0.0075
55 0.00501253132832
56 0.0074812967581
57 0.005
58 0.005
59 0.00997506234414
60 0.0124069478908
61 0.00753768844221
62 0.0226130653266
63 0.171875
64 0.160427807487
65 0.180628272251
66 0.170212765957
67 0.178947368421
68 0.190104166667
69 0.23273657289
70 0.200514138817
71 0.185863874346
72 0.141333333333
73 0.0149625935162
74 0.00501253132832
75 0.00997506234414
76 0.00997506234414
77 0.00501253132832
78 0.0074812967581
79 0.0124688279302
80 0.0125
81 0.0075
82 0.0350877192982
83 0.210256410256
84 0.167567567568
85 0.185378590078
86 0.174142480211
87 0.181102362205
88 0.180878552972
89 0.174479166667
90 0.177545691906
91 0.0732323232323
92 0.0074812967581
93 0.0199501246883
94 0.00501253132832
95 0.00997506234414
96 0.0075
97 0.00501253132832
98 0.00502512562814
99 0.0124378109453
100 0.005
101 0.00503778337531
102 0.00992555831266
103 0.0175879396985
104 0.00501253132832
105 0.01
106 0.00995024875622
107 0.0100250626566
108 0.00501253132832
109 0.00751879699248
110 0.00995024875622
111 0.0100250626566
112 0.005
113 0.0175
114 0.00751879699248
115 0.0074812967581
116 0.005
117 0.00995024875622
118 0.00502512562814
119 0.00997506234414
120 0.005
121 0.0075
122 0.00751879699248
123 0.0199501246883
124 0.0075
125 0.00997506234414
126 0.01
127 0.0125
128 0.0074812967581
129 0.00753768844221
130 0.00251256281407
131 0.014888337469
132 0.0074812967581
133 0.015037593985
134 0.00502512562814
135 0.0074812967581
136 0.00751879699248
137 0.00251256281407
138 0.00992555831266
139 0.00503778337531
140 0.00992555831266
141 0.00502512562814
142 0.00997506234414
143 0.0175438596491
144 0.00501253132832
145 0.0124378109453
146 0.00501253132832
147 0.00751879699248
148 0.00251256281407
149 0.01
150 0.0075
151 0.00997506234414
152 0.0075
153 0.0475
154 0.014888337469
155 0.00501253132832
156 0.0075
157 0.0075
158 0.0124378109453
159 0.00502512562814
160 0.005
161 0.00501253132832
162 0.00997506234414
163 0.0100755667506
164 0.0124688279302
165 0.0124688279302
166 0.00751879699248
167 0.0124378109453
168 0.00751879699248
169 0.0124378109453
170 0.00502512562814
171 0.00995024875622
172 0.0075
173 0.01
174 0.015
175 0.00501253132832
176 0.0075
177 0.0075
178 0.00251889168766
179 0.00501253132832
