1 0.311557788945
2 0.332506203474
3 0.261845386534
4 0.00997506234414
5 0.0124688279302
6 0.00751879699248
7 0.0124688279302
8 0.0075
9 0.01
10 0.00753768844221
11 0.0075
12 0.01
13 0.0149253731343
14 0.0075
15 0.0125
16 0.00995024875622
17 0.0100250626566
18 0.0149253731343
19 0.014888337469
20 0.0149253731343
21 0.00751879699248
22 0.00753768844221
23 0.00995024875622
24 0.0124688279302
25 0.0100250626566
26 0.01
27 0.0125
28 0.01
29 0.0100250626566
30 0.00995024875622
31 0.0075
32 0.0125
33 0.0074812967581
34 0.0100250626566
35 0.00501253132832
36 0.00753768844221
37 0.00992555831266
38 0.01
39 0.00997506234414
40 0.0100250626566
41 0.0075
42 0.00751879699248
43 0.00751879699248
44 0.01
45 0.0075
46 0.0075
47 0.0124688279302
48 0.0075
49 0.00751879699248
50 0.0124688279302
51 0.01
52 0.01
53 0.0075
54 0.0125
55 0.0075
56 0.01
57 0.00751879699248
58 0.00997506234414
59 0.0075
60 0.0124688279302
61 0.00751879699248
62 0.01
63 0.0
64 0.00997506234414
65 0.014888337469
66 0.01
67 0.01
68 0.01
69 0.00751879699248
70 0.0075
71 0.00501253132832
72 0.01
73 0.00997506234414
74 0.00753768844221
75 0.00997506234414
76 0.00995024875622
77 0.00751879699248
78 0.0125
79 0.00997506234414
80 0.0124378109453
81 0.00753768844221
82 0.00995024875622
83 0.00502512562814
84 0.0124688279302
85 0.00997506234414
86 0.00753768844221
87 0.0074812967581
88 0.0075
89 0.00751879699248
90 0.01
91 0.00501253132832
92 0.01
93 0.014888337469
94 0.0175879396985
95 0.0074812967581
96 0.0124688279302
97 0.0075
98 0.00751879699248
99 0.00251256281407
100 0.0199004975124
101 0.0124688279302
102 0.0075
103 0.0149625935162
104 0.01
105 0.00997506234414
106 0.00751879699248
107 0.0075
108 0.0125313283208
109 0.00751879699248
110 0.00997506234414
111 0.00502512562814
112 0.00501253132832
113 0.00751879699248
114 0.0075
115 0.0124688279302
116 0.0074812967581
117 0.0100250626566
118 0.00502512562814
119 0.0075
120 0.01
121 0.00997506234414
122 0.0075
123 0.00503778337531
124 0.005
125 0.0125
126 0.00502512562814
127 0.005
128 0.00501253132832
129 0.00997506234414
130 0.0075
131 0.00751879699248
132 0.0124688279302
133 0.01
134 0.00751879699248
135 0.00753768844221
136 0.005
137 0.00502512562814
138 0.0075
139 0.00997506234414
140 0.00503778337531
141 0.005
142 0.00751879699248
143 0.01
144 0.01
145 0.0075
146 0.0124688279302
147 0.0075
148 0.0075
149 0.00997506234414
150 0.00503778337531
151 0.01
152 0.00502512562814
153 0.0075
154 0.0124688279302
155 0.00997506234414
156 0.0075
157 0.0125313283208
158 0.0075
159 0.0075
160 0.0075
161 0.00753768844221
162 0.005
163 0.0125313283208
164 0.00501253132832
165 0.0074812967581
166 0.0100502512563
167 0.0148514851485
168 0.00502512562814
169 0.00753768844221
170 0.00997506234414
171 0.0124688279302
172 0.0074812967581
173 0.00503778337531
174 0.0124688279302
175 0.00753768844221
176 0.005
177 0.00502512562814
178 0.0075
179 0.00751879699248
