1 0.332506203474
2 0.308641975309
3 0.300254452926
4 0.331606217617
5 0.383838383838
6 0.283854166667
7 0.189473684211
8 0.365038560411
9 0.21038961039
10 0.180878552972
11 0.160206718346
12 0.160305343511
13 0.197435897436
14 0.171428571429
15 0.151351351351
16 0.166666666667
17 0.153452685422
18 0.1925
19 0.196930946292
20 0.168797953964
21 0.151436031332
22 0.173126614987
23 0.159151193634
24 0.128608923885
25 0.144736842105
26 0.145161290323
27 0.164102564103
28 0.152671755725
29 0.164921465969
30 0.161803713528
31 0.155612244898
32 0.167938931298
33 0.237037037037
34 0.173684210526
35 0.178571428571
36 0.155844155844
37 0.114130434783
38 0.194444444444
39 0.184415584416
40 0.13612565445
41 0.132625994695
42 0.180878552972
43 0.158854166667
44 0.145077720207
45 0.146276595745
46 0.167108753316
47 0.144356955381
48 0.163316582915
49 0.159574468085
50 0.152406417112
51 0.125333333333
52 0.136842105263
53 0.183246073298
54 0.195431472081
55 0.205655526992
56 0.180878552972
57 0.181818181818
58 0.161616161616
59 0.183417085427
60 0.1796875
61 0.183246073298
62 0.171503957784
63 0.161125319693
64 0.157360406091
65 0.171875
66 0.157754010695
67 0.152849740933
68 0.11320754717
69 0.150134048257
70 0.155844155844
71 0.155612244898
72 0.144385026738
73 0.178947368421
74 0.128947368421
75 0.126315789474
76 0.145945945946
77 0.155672823219
78 0.142118863049
79 0.151282051282
80 0.0100755667506
81 0.0452261306533
82 0.167108753316
83 0.201030927835
84 0.167979002625
85 0.144329896907
86 0.141732283465
87 0.168421052632
88 0.166666666667
89 0.150510204082
90 0.175126903553
91 0.179028132992
92 0.157216494845
93 0.26
94 0.183246073298
95 0.147757255937
96 0.14358974359
97 0.127371273713
98 0.173684210526
99 0.148051948052
100 0.135416666667
101 0.172323759791
102 0.194225721785
103 0.140540540541
104 0.150793650794
105 0.120734908136
106 0.178117048346
107 0.160949868074
108 0.139107611549
109 0.151670951157
110 0.168421052632
111 0.171875
112 0.131443298969
113 0.13829787234
114 0.183246073298
115 0.151041666667
116 0.12962962963
117 0.169270833333
118 0.162729658793
119 0.143958868895
120 0.140992167102
121 0.184143222506
122 0.154255319149
123 0.114058355438
124 0.160104986877
125 0.170603674541
126 0.15641025641
127 0.137305699482
128 0.177083333333
129 0.129120879121
130 0.152284263959
131 0.162303664921
132 0.181818181818
133 0.141732283465
134 0.119363395225
135 0.0223880597015
136 0.010101010101
137 0.00751879699248
138 0.00502512562814
139 0.014888337469
140 0.01
141 0.00501253132832
142 0.0124688279302
143 0.0075
144 0.03
145 0.00502512562814
146 0.0075
147 0.005
148 0.0100502512563
149 0.00498753117207
150 0.0124688279302
151 0.00997506234414
152 0.0100502512563
153 0.005
154 0.025
155 0.00501253132832
156 0.00753768844221
157 0.0074812967581
158 0.0075
159 0.00501253132832
160 0.01
161 0.0075
162 0.0074812967581
163 0.0
164 0.0250626566416
165 0.0075
166 0.00751879699248
167 0.00997506234414
168 0.00997506234414
169 0.00502512562814
170 0.00997506234414
171 0.0075
172 0.00997506234414
173 0.00751879699248
174 0.0275
175 0.0075
176 0.0124378109453
177 0.00751879699248
178 0.00997506234414
179 0.00501253132832
