1 0.169056928107
2 0.175494624018
3 0.18084111362
4 0.182652768883
5 0.184742492164
6 0.18644460548
7 0.188930365027
8 0.189853045266
9 0.192439920456
10 0.194399036031
11 0.196358151606
12 0.199737099329
13 0.201818396306
14 0.202138595841
15 0.20237453234
16 0.202138595841
17 0.202104890627
18 0.202155448448
19 0.202315548215
20 0.201999561832
21 0.202130169537
22 0.201965856618
23 0.204451616165
24 0.206090532205
25 0.209966631838
26 0.211550776905
27 0.214390441201
28 0.219092318582
29 0.223924803667
30 0.227164717382
31 0.227286898783
32 0.229983315919
33 0.230299302302
34 0.230497320435
35 0.230429910007
36 0.230299302302
37 0.229924331794
38 0.23034143382
39 0.230160268294
40 0.230000168526
41 0.229658903232
42 0.230160268294
43 0.233294853214
44 0.236193501635
45 0.236172435876
46 0.241948666959
47 0.250012639455
48 0.25014324716
49 0.258131382925
50 0.258131382925
51 0.263857056187
52 0.264219387239
53 0.264379487007
54 0.264012942802
55 0.263873908794
56 0.263916040311
57 0.263498938286
58 0.263654824901
59 0.263587414473
60 0.264046648016
61 0.264257305605
62 0.264265731909
63 0.263941319222
64 0.268491523139
65 0.268689541272
66 0.27388435741
67 0.273728470794
68 0.279024402575
69 0.279824901412
70 0.27960581752
71 0.279626883279
72 0.284366679025
73 0.285537935219
74 0.285512656308
75 0.285744379656
76 0.285832855843
77 0.285807576932
78 0.285466311638
79 0.285744379656
80 0.285639050861
81 0.285744379656
82 0.29183238397
83 0.303456469716
84 0.303532306448
85 0.303473322323
86 0.303848292831
87 0.318194074623
88 0.318354174391
89 0.318442650578
90 0.318623816104
91 0.318817621086
92 0.318581684587
93 0.318691226533
94 0.318737571202
95 0.318720718595
96 0.318552192524
97 0.3188513263
98 0.318792342175
99 0.318792342175
100 0.318817621086
101 0.318476355792
102 0.318543766221
103 0.318442650578
104 0.318577471435
105 0.318602750345
106 0.31847214264
107 0.318560618828
108 0.3188513263
109 0.318552192524
110 0.318893457818
111 0.318560618828
112 0.318417371667
113 0.318265698204
114 0.318455290033
115 0.318442650578
116 0.318640668711
117 0.318729144899
118 0.318455290033
119 0.318278337659
120 0.318543766221
121 0.318868178907
122 0.318876605211
123 0.318569045131
124 0.318451076882
125 0.318240419293
126 0.318396305909
127 0.318451076882
128 0.318606963497
129 0.318320469177
130 0.318387879605
131 0.318379453301
132 0.318526913614
133 0.318463716337
134 0.318623816104
135 0.318859752604
136 0.318577471435
137 0.318817621086
138 0.318792342175
139 0.31859011089
140 0.318754423809
141 0.318990360309
142 0.318948228791
143 0.318800768479
144 0.318842899997
145 0.318998786612
146 0.318623816104
147 0.318910310425
148 0.318956655095
149 0.318737571202
150 0.318632242408
151 0.318948228791
152 0.326308604941
153 0.326333883852
154 0.326763625333
155 0.326911085645
156 0.326578246655
157 0.32685210152
158 0.326713067512
159 0.326843675217
160 0.326809970002
161 0.326784691092
162 0.326548754592
163 0.326599312414
164 0.326679362297
165 0.32678047794
166 0.32678047794
167 0.326932151404
168 0.326683575449
169 0.326616165021
170 0.326818396306
171 0.326502409923
172 0.326675149146
173 0.326338097004
174 0.326607738717
175 0.326932151404
176 0.326957430314
177 0.326915298797
