1 0.151159459368
2 0.157458121271
3 0.162960497489
4 0.165008089251
5 0.166444774007
6 0.168239576663
7 0.169549866864
8 0.170771680879
9 0.171108733021
10 0.17274343591
11 0.174710977788
12 0.175532542384
13 0.176623748694
14 0.176965013988
15 0.176699585426
16 0.176918669318
17 0.176859685193
18 0.176623748694
19 0.176716438033
20 0.176151875695
21 0.176602682935
22 0.17621085982
23 0.177023998113
24 0.177845562709
25 0.178877784893
26 0.183676564765
27 0.186225521588
28 0.186398260811
29 0.18798661903
30 0.189604469311
31 0.191538305976
32 0.192894940847
33 0.193269911355
34 0.192869661937
35 0.193366813846
36 0.19344686373
37 0.193219353534
38 0.193341534935
39 0.193341534935
40 0.19344686373
41 0.193421584819
42 0.193105598436
43 0.193261485052
44 0.200272169605
45 0.200086790927
46 0.20023846439
47 0.204270450639
48 0.204422124103
49 0.207421888166
50 0.20778843237
51 0.210152010516
52 0.209979271293
53 0.210067747481
54 0.210434291685
55 0.21056489939
56 0.210215207793
57 0.210379520712
58 0.210531194176
59 0.210320536587
60 0.210404799623
61 0.210269978766
62 0.2102320604
63 0.212515588662
64 0.212616704304
65 0.215523779029
66 0.215945094206
67 0.216159964947
68 0.219905456874
69 0.228142168593
70 0.228028413496
71 0.227897805791
72 0.228032626647
73 0.228335973575
74 0.228580336378
75 0.228420236611
76 0.228344399879
77 0.22870251778
78 0.228597188985
79 0.22858454953
80 0.2283949577
81 0.228192726415
82 0.227994708281
83 0.235502544744
84 0.23594492568
85 0.236117664903
86 0.240149651151
87 0.240419292865
88 0.240891165863
89 0.240221274731
90 0.244581886818
91 0.245070612424
92 0.244948431022
93 0.245348680441
94 0.245192793825
95 0.245348680441
96 0.245306548923
97 0.244897873201
98 0.244876807442
99 0.24503690721
100 0.245028480906
101 0.245403451414
102 0.244914725808
103 0.249502848091
104 0.249608176885
105 0.249060467154
106 0.249300616805
107 0.254053052007
108 0.254057265159
109 0.254204725471
110 0.253897165391
111 0.254023559945
112 0.253939296909
113 0.254579695979
114 0.254280562203
115 0.254335333176
116 0.254545990765
117 0.25444066197
118 0.254432235667
119 0.254390104149
120 0.254255283292
121 0.254238430685
122 0.259959890795
123 0.273404058108
124 0.274031817722
125 0.274250901614
126 0.274448919748
127 0.274141359668
128 0.274162425427
129 0.286881930635
130 0.287370656241
131 0.287362229937
132 0.287543395463
133 0.28734537733
134 0.287353803633
135 0.287303245812
136 0.287117867134
137 0.287223195928
138 0.287387508848
139 0.287046243554
140 0.286831372813
141 0.287176851259
142 0.287113653982
143 0.287779331963
144 0.287585526981
145 0.294693114025
146 0.295190265934
147 0.294718392935
148 0.294221241026
149 0.294726819239
150 0.294971182042
151 0.294613064141
152 0.294768950757
153 0.294507735347
154 0.294882705855
155 0.294857426944
156 0.29475209815
157 0.294642556203
158 0.29458778523
159 0.294377127642
160 0.294246519937
161 0.301691159122
162 0.301981866595
163 0.301986079747
164 0.301872324649
165 0.302087195389
166 0.302196737335
167 0.309982641815
168 0.309919444538
169 0.309843607806
170 0.309704573798
171 0.31013852843
172 0.30985203411
173 0.309797263137
174 0.309670868583
175 0.309902591931
176 0.30954447403
177 0.309755131619
