1 0.306532663317
2 0.318987341772
3 0.282878411911
4 0.00502512562814
5 0.00501253132832
6 0.00751879699248
7 0.0200501253133
8 0.00501253132832
9 0.015
10 0.0075
11 0.00751879699248
12 0.0250626566416
13 0.0149253731343
14 0.0100502512563
15 0.00502512562814
16 0.03
17 0.0124378109453
18 0.00997506234414
19 0.00251256281407
20 0.0124688279302
21 0.00746268656716
22 0.00502512562814
23 0.00753768844221
24 0.0274314214464
25 0.00997506234414
26 0.00502512562814
27 0.00997506234414
28 0.0100502512563
29 0.0075
30 0.0175438596491
31 0.01
32 0.00755667506297
33 0.0075
34 0.0271604938272
35 0.01
36 0.00753768844221
37 0.005
38 0.01
39 0.0075
40 0.01
41 0.00997506234414
42 0.0248138957816
43 0.01
44 0.0149253731343
45 0.00753768844221
46 0.0124688279302
47 0.00751879699248
48 0.00995024875622
49 0.00751879699248
50 0.015
51 0.0075
52 0.00997506234414
53 0.00501253132832
54 0.0125313283208
55 0.00751879699248
56 0.0124688279302
57 0.0074812967581
58 0.0175438596491
59 0.01
60 0.0174563591022
61 0.00501253132832
62 0.005
63 0.0124069478908
64 0.00753768844221
65 0.00746268656716
66 0.00502512562814
67 0.00751879699248
68 0.014888337469
69 0.0124378109453
70 0.0199004975124
71 0.00501253132832
72 0.00498753117207
73 0.00755667506297
74 0.00250626566416
75 0.005
76 0.0124688279302
77 0.00997506234414
78 0.0199501246883
79 0.0075
80 0.0075
81 0.00501253132832
82 0.0100250626566
83 0.00501253132832
84 0.00997506234414
85 0.0075
86 0.01
87 0.01
88 0.00997506234414
89 0.005
90 0.00755667506297
91 0.0075
92 0.0174563591022
93 0.0074812967581
94 0.0174563591022
95 0.00997506234414
96 0.025
97 0.0075
98 0.00751879699248
99 0.01
100 0.01
101 0.00995024875622
102 0.0174129353234
103 0.00502512562814
104 0.00995024875622
105 0.00502512562814
106 0.0074812967581
107 0.00502512562814
108 0.0124688279302
109 0.00995024875622
110 0.0326633165829
111 0.0149253731343
112 0.0174129353234
113 0.00753768844221
114 0.00501253132832
115 0.005
116 0.015037593985
117 0.0075
118 0.015037593985
119 0.00997506234414
120 0.01
121 0.00501253132832
122 0.00997506234414
123 0.0124688279302
124 0.0100250626566
125 0.0025
126 0.0124069478908
127 0.00751879699248
128 0.0199501246883
129 0.00501253132832
130 0.01
131 0.0075
132 0.0124688279302
133 0.0125
134 0.00751879699248
135 0.0175438596491
136 0.00501253132832
137 0.0124378109453
138 0.00251889168766
139 0.0273631840796
140 0.00751879699248
141 0.01
142 0.0124378109453
143 0.0274314214464
144 0.005
145 0.0125313283208
146 0.00997506234414
147 0.00995024875622
148 0.00751879699248
149 0.00997506234414
150 0.01
151 0.01
152 0.005
153 0.00751879699248
154 0.00251256281407
155 0.01
156 0.00751879699248
157 0.0397022332506
158 0.01
159 0.0074812967581
160 0.00751879699248
161 0.0125628140704
162 0.00501253132832
163 0.0075
164 0.00502512562814
165 0.0125
166 0.0074812967581
167 0.0124378109453
168 0.00751879699248
169 0.0124688279302
170 0.00751879699248
171 0.0125
172 0.0075
173 0.00251256281407
174 0.0075
175 0.0225563909774
176 0.0124378109453
177 0.015
178 0.0075
179 0.0149625935162
