1 0.168475513162
2 0.175060669386
3 0.180162796185
4 0.182185109036
5 0.184127372004
6 0.185492433179
7 0.188016111092
8 0.189060972732
9 0.191344500994
10 0.192928646062
11 0.195738818295
12 0.200714550541
13 0.203351983552
14 0.205159425663
15 0.20705113081
16 0.210535407328
17 0.211327479861
18 0.21849405103
19 0.223448717517
20 0.226574876133
21 0.226423202669
22 0.229334490546
23 0.232212073208
24 0.235207624119
25 0.235325592369
26 0.239146921029
27 0.249448077118
28 0.250029492062
29 0.258156661836
30 0.258573763861
31 0.263600053928
32 0.263789645758
33 0.263212443965
34 0.268318783916
35 0.26847045738
36 0.273564157875
37 0.273913849473
38 0.27882217129
39 0.278839023897
40 0.278948565843
41 0.278952778995
42 0.289194950959
43 0.302714955004
44 0.303119417574
45 0.303089925511
46 0.302904546833
47 0.318303616569
48 0.318531126765
49 0.318965081398
50 0.318615389801
51 0.318476355792
52 0.318547979372
53 0.318653308167
54 0.318514274158
55 0.318628029256
56 0.318392092757
57 0.318459503185
58 0.318320469177
59 0.31856483198
60 0.318231992989
61 0.318459503185
62 0.318817621086
63 0.318598537194
64 0.318231992989
65 0.318577471435
66 0.317928646062
67 0.318337321784
68 0.318628029256
69 0.318775489568
70 0.318602750345
71 0.318619602953
72 0.318413158516
73 0.318653308167
74 0.318320469177
75 0.318215140382
76 0.318510061006
77 0.318653308167
78 0.318628029256
79 0.318312042873
80 0.318312042873
81 0.31832889548
82 0.318408945364
83 0.31859011089
84 0.318362600694
85 0.318573258283
86 0.318442650578
87 0.31856483198
88 0.318606963497
89 0.318421584819
90 0.318573258283
91 0.318497421551
92 0.318573258283
93 0.318678587077
94 0.318758636961
95 0.318754423809
96 0.318362600694
97 0.318459503185
98 0.318341534935
99 0.318476355792
100 0.318181435168
101 0.31840051906
102 0.320818868179
103 0.326856314672
104 0.326725706967
105 0.326725706967
106 0.326574033503
107 0.326515049378
108 0.326506623075
109 0.326729920119
110 0.326890019886
111 0.326624591324
112 0.326679362297
113 0.326856314672
114 0.32685210152
115 0.326809970002
116 0.326759412181
117 0.326986922377
118 0.326961643466
119 0.326982709225
120 0.327003774984
121 0.326902659341
122 0.326814183154
123 0.326624591324
124 0.326932151404
125 0.326540328289
126 0.326687788601
127 0.326485557316
128 0.326717280663
129 0.326346523307
130 0.326464491557
131 0.326784691092
132 0.326654083387
133 0.326523475682
134 0.326696214904
135 0.326603525565
136 0.326620378173
137 0.326818396306
138 0.326620378173
139 0.326801543699
140 0.326873167279
141 0.32659088611
142 0.326818396306
143 0.326654083387
144 0.32614007887
145 0.326645657083
146 0.326881593583
147 0.326986922377
148 0.326645657083
149 0.326696214904
150 0.326595099262
151 0.326312818093
152 0.326696214904
153 0.326835248913
154 0.326654083387
155 0.326443425798
156 0.326523475682
157 0.326468704709
158 0.326670935994
159 0.326721493815
160 0.32663723078
161 0.326801543699
162 0.326915298797
163 0.326729920119
164 0.326784691092
165 0.327176514207
166 0.327151235296
167 0.326906872493
168 0.326645657083
169 0.326603525565
170 0.326384441673
171 0.326215915602
172 0.326228555057
173 0.326464491557
174 0.326409720584
175 0.326540328289
176 0.326544541441
177 0.326906872493
