1 0.168568202501
2 0.175111227207
3 0.180596750817
4 0.182315716741
5 0.182627489973
6 0.182829721258
7 0.182800229195
8 0.182581145303
9 0.182244093161
10 0.182635916276
11 0.182391553473
12 0.182699113553
13 0.182699113553
14 0.182446324446
15 0.182513734875
16 0.182421045536
17 0.182576932151
18 0.182758097678
19 0.182471603357
20 0.182619063669
21 0.182694900401
22 0.18297718157
23 0.182652768883
24 0.182867639624
25 0.182627489973
26 0.182446324446
27 0.18245475075
28 0.182749671374
29 0.182968755266
30 0.182619063669
31 0.182682260946
32 0.182602211062
33 0.182707539856
34 0.182471603357
35 0.182471603357
36 0.182652768883
37 0.182943476356
38 0.18297718157
39 0.182741245071
40 0.182214601099
41 0.182741245071
42 0.183074084061
43 0.182943476356
44 0.182943476356
45 0.182943476356
46 0.182758097678
47 0.182682260946
48 0.182682260946
49 0.18240840608
50 0.182290437831
51 0.182585358455
52 0.182897131686
53 0.182741245071
54 0.182758097678
55 0.182366274563
56 0.182627489973
57 0.182812868651
58 0.183116215579
59 0.182968755266
60 0.182918197445
61 0.182661195187
62 0.182871852776
63 0.183263675891
64 0.182922410597
65 0.182694900401
66 0.182943476356
67 0.182627489973
68 0.182913984293
69 0.182888705383
70 0.182496882268
71 0.182972968418
72 0.183099362971
73 0.18323839698
74 0.182800229195
75 0.182855000169
76 0.182943476356
77 0.182791802892
78 0.182732818767
79 0.182707539856
80 0.182450537598
81 0.182294650983
82 0.182766523981
83 0.182682260946
84 0.182774950285
85 0.182416832384
86 0.182290437831
87 0.182155616974
88 0.182871852776
89 0.183158347096
90 0.183107789275
91 0.182939263204
92 0.182913984293
93 0.182699113553
94 0.182399979777
95 0.182758097678
96 0.182682260946
97 0.182888705383
98 0.182686474098
99 0.182307290438
100 0.182635916276
101 0.182871852776
102 0.183149920793
103 0.183221544373
104 0.184510768816
105 0.184603458155
106 0.184902591931
107 0.184691934342
108 0.184447571539
109 0.184666655432
110 0.184776197378
111 0.184936297145
112 0.184700360646
113 0.184675081735
114 0.184409653173
115 0.184405440022
116 0.184536047727
117 0.184814115744
118 0.184902591931
119 0.184771984226
120 0.184771984226
121 0.184683508039
122 0.18461609761
123 0.184691934342
124 0.184725639556
125 0.18480568944
126 0.184253766558
127 0.18402204321
128 0.184675081735
129 0.184413866325
130 0.184708786949
131 0.184628737066
132 0.184776197378
133 0.185058478547
134 0.184814115744
135 0.184742492164
136 0.18466244228
137 0.184708786949
138 0.185050052243
139 0.184717213253
140 0.184856247261
141 0.185050052243
142 0.184822542047
143 0.184856247261
144 0.184797263137
145 0.184873099869
146 0.184953149752
147 0.184936297145
148 0.185083757457
149 0.184759344771
150 0.184658229128
151 0.185180659948
152 0.185163807341
153 0.185151167886
154 0.185058478547
155 0.184847820958
156 0.184359095352
157 0.184666655432
158 0.18504162594
159 0.185024773332
160 0.185092183761
161 0.184868886717
162 0.184725639556
163 0.184611884459
164 0.184536047727
165 0.184569752941
166 0.184569752941
167 0.184367521656
168 0.184232700799
169 0.184725639556
170 0.184632950217
171 0.184603458155
172 0.184350669049
173 0.184569752941
174 0.184342242745
175 0.184767771074
176 0.184911018235
177 0.184683508039
