1 0.305764411028
2 0.318987341772
3 0.2775
4 0.00751879699248
5 0.00250626566416
6 0.00502512562814
7 0.0248756218905
8 0.00751879699248
9 0.015037593985
10 0.005
11 0.0174129353234
12 0.0225
13 0.00997506234414
14 0.00508905852417
15 0.0124069478908
16 0.0324189526185
17 0.00997506234414
18 0.0124688279302
19 0.00997506234414
20 0.0124688279302
21 0.005
22 0.00753768844221
23 0.0075
24 0.0225563909774
25 0.00501253132832
26 0.0125
27 0.0074812967581
28 0.0174563591022
29 0.00501253132832
30 0.0201005025126
31 0.0075
32 0.0075
33 0.00751879699248
34 0.0248756218905
35 0.0124688279302
36 0.0075
37 0.00995024875622
38 0.01
39 0.00751879699248
40 0.00251889168766
41 0.0075
42 0.0175
43 0.0074812967581
44 0.0100755667506
45 0.0124378109453
46 0.0125
47 0.005
48 0.00753768844221
49 0.005
50 0.0100250626566
51 0.00501253132832
52 0.01
53 0.00501253132832
54 0.0125313283208
55 0.00995024875622
56 0.00503778337531
57 0.00501253132832
58 0.02
59 0.00751879699248
60 0.0125313283208
61 0.0074812967581
62 0.0074812967581
63 0.00501253132832
64 0.005
65 0.01
66 0.00501253132832
67 0.00751879699248
68 0.01
69 0.0075
70 0.015
71 0.005
72 0.0124688279302
73 0.0074812967581
74 0.0124378109453
75 0.0075
76 0.0124378109453
77 0.00501253132832
78 0.0175438596491
79 0.00997506234414
80 0.0074812967581
81 0.00501253132832
82 0.0125
83 0.00502512562814
84 0.00753768844221
85 0.0074812967581
86 0.01
87 0.00995024875622
88 0.00501253132832
89 0.014888337469
90 0.0125
91 0.00502512562814
92 0.0149625935162
93 0.0148514851485
94 0.0100755667506
95 0.00502512562814
96 0.0200501253133
97 0.0074812967581
98 0.01
99 0.00251256281407
100 0.0149253731343
101 0.00997506234414
102 0.0100502512563
103 0.0075
104 0.00501253132832
105 0.00502512562814
106 0.0075
107 0.0124069478908
108 0.0149625935162
109 0.00501253132832
110 0.035
111 0.00501253132832
112 0.0174563591022
113 0.014888337469
114 0.00753768844221
115 0.0074812967581
116 0.0175
117 0.00501253132832
118 0.0223880597015
119 0.00251256281407
120 0.0075
121 0.00753768844221
122 0.00746268656716
123 0.00753768844221
124 0.00251889168766
125 0.00744416873449
126 0.00755667506297
127 0.005
128 0.02
129 0.01
130 0.0074812967581
131 0.00751879699248
132 0.015
133 0.0075
134 0.00753768844221
135 0.0199501246883
136 0.0075
137 0.00751879699248
138 0.0075
139 0.025
140 0.0075
141 0.0125313283208
142 0.0075
143 0.0175438596491
144 0.0075
145 0.0100250626566
146 0.0074812967581
147 0.00503778337531
148 0.0074812967581
149 0.01
150 0.0075
151 0.00997506234414
152 0.00501253132832
153 0.00997506234414
154 0.00501253132832
155 0.0100250626566
156 0.0074812967581
157 0.0251889168766
158 0.01
159 0.0075
160 0.00995024875622
161 0.0175879396985
162 0.005
163 0.01
164 0.005
165 0.0100250626566
166 0.0075
167 0.0124688279302
168 0.00995024875622
169 0.0125313283208
170 0.00501253132832
171 0.0149625935162
172 0.00251256281407
173 0.0124378109453
174 0.00997506234414
175 0.0273631840796
176 0.0124688279302
177 0.0174563591022
178 0.01
179 0.0124688279302
