1 0.189865684721
2 0.196303380633
3 0.201692001753
4 0.203967103711
5 0.204186187603
6 0.204358926826
7 0.204009235229
8 0.204278876942
9 0.203975530014
10 0.203958677407
11 0.203958677407
12 0.2039418248
13 0.203924972193
14 0.204000808925
15 0.204316795308
16 0.204009235229
17 0.204114564023
18 0.203844922309
19 0.204211466514
20 0.203920759041
21 0.20413141663
22 0.204064006202
23 0.204262024335
24 0.203954464256
25 0.203828069702
26 0.204262024335
27 0.204173548148
28 0.204173548148
29 0.203950251104
30 0.20410613772
31 0.203878627524
32 0.203937611649
33 0.204253598032
34 0.203731167212
35 0.20410613772
36 0.204447403013
37 0.204219892817
38 0.204097711416
39 0.204312582156
40 0.204358926826
41 0.204181974451
42 0.204156695541
43 0.204295729549
44 0.204342074219
45 0.20439263204
46 0.20405979305
47 0.204287303246
48 0.205492264653
49 0.205985203411
50 0.206073679598
51 0.205812464188
52 0.205968350804
53 0.205913579831
54 0.2059599245
55 0.206204287303
56 0.206056826991
57 0.206204287303
58 0.205943071893
59 0.205837743099
60 0.20614951633
61 0.205909366679
62 0.205635511814
63 0.205542822475
64 0.206056826991
65 0.205559675082
66 0.206044187536
67 0.205652364421
68 0.205884087768
69 0.205778758974
70 0.205429067377
71 0.205584953992
72 0.20586302201
73 0.206179008393
74 0.206065253295
75 0.205985203411
76 0.20593464559
77 0.205968350804
78 0.205778758974
79 0.20593464559
80 0.206065253295
81 0.20603154808
82 0.20603154808
83 0.205778758974
84 0.205408001618
85 0.205648151269
86 0.205778758974
87 0.205951498197
88 0.206179008393
89 0.206073679598
90 0.206120024268
91 0.20593464559
92 0.205879874617
93 0.20569870909
94 0.205804037885
95 0.205753480063
96 0.205846169402
97 0.206162155786
98 0.206120024268
99 0.205879874617
100 0.205989416563
101 0.205884087768
102 0.205285820216
103 0.205681856483
104 0.206002056018
105 0.206326468705
106 0.206073679598
107 0.2059599245
108 0.206195861
109 0.205913579831
110 0.206027334929
111 0.205926219286
112 0.205749266912
113 0.205648151269
114 0.205837743099
115 0.205677643331
116 0.206039974384
117 0.205593380296
118 0.205778758974
119 0.205820890492
120 0.205504904109
121 0.205728201153
122 0.205622872358
123 0.205774545822
124 0.205749266912
125 0.205622872358
126 0.205568101385
127 0.205778758974
128 0.206195861
129 0.205829316795
130 0.205715561697
131 0.205799824733
132 0.205643938117
133 0.205829316795
134 0.205753480063
135 0.205804037885
136 0.205829316795
137 0.205471198894
138 0.205795611581
139 0.205496477805
140 0.205829316795
141 0.20562708551
142 0.206082105902
143 0.205909366679
144 0.205879874617
145 0.206179008393
146 0.206002056018
147 0.205833529947
148 0.205681856483
149 0.205732414304
150 0.205837743099
151 0.205433280528
152 0.205618659207
153 0.205884087768
154 0.205753480063
155 0.205462772591
156 0.205778758974
157 0.205943071893
158 0.205909366679
159 0.206309616098
160 0.206701439213
161 0.206212713607
162 0.206431797499
163 0.206195861
164 0.206212713607
165 0.206090532205
166 0.205909366679
167 0.206254845125
168 0.206537126293
169 0.206326468705
170 0.206254845125
171 0.20648235532
172 0.206166368937
173 0.206271697732
174 0.206406518588
175 0.206195861
176 0.206402305437
177 0.206351747615
