1 0.308270676692
2 0.3275
3 0.297229219144
4 0.281329923274
5 0.297650130548
6 0.277044854881
7 0.220207253886
8 0.399484536082
9 0.177545691906
10 0.196930946292
11 0.185185185185
12 0.178947368421
13 0.180371352785
14 0.185863874346
15 0.171957671958
16 0.193798449612
17 0.196850393701
18 0.185676392573
19 0.173796791444
20 0.18253968254
21 0.177248677249
22 0.181333333333
23 0.195822454308
24 0.216494845361
25 0.178010471204
26 0.173228346457
27 0.175392670157
28 0.144808743169
29 0.172323759791
30 0.1834625323
31 0.181347150259
32 0.183246073298
33 0.18961038961
34 0.167979002625
35 0.18253968254
36 0.210659898477
37 0.179144385027
38 0.2
39 0.236040609137
40 0.164893617021
41 0.171428571429
42 0.17277486911
43 0.209844559585
44 0.176781002639
45 0.155263157895
46 0.200507614213
47 0.201550387597
48 0.181578947368
49 0.172872340426
50 0.165354330709
51 0.0757575757576
52 0.005
53 0.02
54 0.0075
55 0.01
56 0.00250626566416
57 0.0124688279302
58 0.0124378109453
59 0.00751879699248
60 0.0124378109453
61 0.0100250626566
62 0.00250626566416
63 0.0248756218905
64 0.00751879699248
65 0.0124378109453
66 0.00501253132832
67 0.00753768844221
68 0.0025
69 0.0100250626566
70 0.00997506234414
71 0.00751879699248
72 0.0075
73 0.0223880597015
74 0.00751879699248
75 0.00502512562814
76 0.005
77 0.0124688279302
78 0.0075
79 0.00751879699248
80 0.0074812967581
81 0.0124688279302
82 0.00501253132832
83 0.02
84 0.00501253132832
85 0.0173697270471
86 0.00995024875622
87 0.0124378109453
88 0.00753768844221
89 0.00997506234414
90 0.00995024875622
91 0.01
92 0.0075
93 0.02
94 0.005
95 0.00751879699248
96 0.00502512562814
97 0.0075
98 0.0075
99 0.0149253731343
100 0.01
101 0.0074812967581
102 0.01
103 0.0175
104 0.00251256281407
105 0.0100250626566
106 0.00995024875622
107 0.01
108 0.00501253132832
109 0.00751879699248
110 0.00250626566416
111 0.0100250626566
112 0.0124069478908
113 0.0175879396985
114 0.0375939849624
115 0.00751879699248
116 0.00497512437811
117 0.0124688279302
118 0.00501253132832
119 0.01
120 0.0124688279302
121 0.00997506234414
122 0.0075
123 0.01
124 0.015037593985
125 0.01
126 0.00751879699248
127 0.00995024875622
128 0.00502512562814
129 0.00502512562814
130 0.0124378109453
131 0.0124378109453
132 0.00501253132832
133 0.0100250626566
134 0.0174129353234
135 0.01
136 0.0075
137 0.00755667506297
138 0.0075
139 0.0124378109453
140 0.00751879699248
141 0.0075
142 0.00997506234414
143 0.0075
144 0.0175438596491
145 0.00501253132832
146 0.0074812967581
147 0.0100250626566
148 0.0074812967581
149 0.00997506234414
150 0.00751879699248
151 0.0149625935162
152 0.00250626566416
153 0.01
154 0.0223325062035
155 0.0149253731343
156 0.00751879699248
157 0.00751879699248
158 0.0075
159 0.0124069478908
160 0.00251889168766
161 0.0075
162 0.0124378109453
163 0.00997506234414
164 0.0125944584383
165 0.0074812967581
166 0.00997506234414
167 0.00751879699248
168 0.0074812967581
169 0.00753768844221
170 0.0075
171 0.0075
172 0.00501253132832
173 0.00997506234414
174 0.015037593985
175 0.0075
176 0.00502512562814
177 0.00997506234414
178 0.00502512562814
179 0.0074812967581
