1 0.313432835821
2 0.318066157761
3 0.268656716418
4 0.0075
5 0.0149253731343
6 0.00501253132832
7 0.00997506234414
8 0.00502512562814
9 0.01
10 0.00502512562814
11 0.0125
12 0.0075
13 0.0125628140704
14 0.00751879699248
15 0.0223880597015
16 0.0125628140704
17 0.0124378109453
18 0.0125944584383
19 0.00501253132832
20 0.0100502512563
21 0.00751879699248
22 0.0174563591022
23 0.0075
24 0.01
25 0.00502512562814
26 0.0075
27 0.00501253132832
28 0.01
29 0.0074812967581
30 0.00751879699248
31 0.00501253132832
32 0.00997506234414
33 0.00751879699248
34 0.00751879699248
35 0.0124688279302
36 0.0100250626566
37 0.00501253132832
38 0.015
39 0.00997506234414
40 0.00751879699248
41 0.00501253132832
42 0.005
43 0.00751879699248
44 0.0124688279302
45 0.00501253132832
46 0.0125
47 0.005
48 0.0151133501259
49 0.00250626566416
50 0.0075
51 0.00997506234414
52 0.0074812967581
53 0.00751879699248
54 0.01
55 0.00501253132832
56 0.01
57 0.00501253132832
58 0.0199501246883
59 0.00251256281407
60 0.014888337469
61 0.00501253132832
62 0.0075
63 0.00250626566416
64 0.0075
65 0.005
66 0.02
67 0.00997506234414
68 0.0125313283208
69 0.005
70 0.0124688279302
71 0.00751879699248
72 0.0074812967581
73 0.00751879699248
74 0.00502512562814
75 0.00501253132832
76 0.0125
77 0.005
78 0.0174563591022
79 0.0075
80 0.00997506234414
81 0.00997506234414
82 0.00501253132832
83 0.0074812967581
84 0.0125313283208
85 0.00751879699248
86 0.01
87 0.005
88 0.01
89 0.00997506234414
90 0.0100755667506
91 0.00501253132832
92 0.029776674938
93 0.00751879699248
94 0.00997506234414
95 0.0074812967581
96 0.0075
97 0.0075
98 0.00502512562814
99 0.00995024875622
100 0.01
101 0.0075
102 0.00755667506297
103 0.0124069478908
104 0.00501253132832
105 0.00502512562814
106 0.00501253132832
107 0.0075
108 0.0075
109 0.00501253132832
110 0.0125313283208
111 0.01
112 0.0124688279302
113 0.0075
114 0.0100502512563
115 0.00250626566416
116 0.0174129353234
117 0.005
118 0.0124378109453
119 0.00751879699248
120 0.0075
121 0.00250626566416
122 0.0125313283208
123 0.0124378109453
124 0.00997506234414
125 0.0075
126 0.0125628140704
127 0.0
128 0.00501253132832
129 0.0075
130 0.0125
131 0.00751879699248
132 0.0124069478908
133 0.00502512562814
134 0.00997506234414
135 0.01
136 0.015
137 0.00502512562814
138 0.00995024875622
139 0.00502512562814
140 0.0125
141 0.0074812967581
142 0.0100250626566
143 0.014888337469
144 0.0173697270471
145 0.0075
146 0.0124688279302
147 0.005
148 0.00751879699248
149 0.005
150 0.0124378109453
151 0.00502512562814
152 0.00995024875622
153 0.0100250626566
154 0.015
155 0.0074812967581
156 0.00753768844221
157 0.0124069478908
158 0.0125313283208
159 0.00995024875622
160 0.0226130653266
161 0.0124069478908
162 0.00751879699248
163 0.00501253132832
164 0.01
165 0.0125
166 0.00501253132832
167 0.00992555831266
168 0.0125
169 0.0075
170 0.01
171 0.00501253132832
172 0.0125
173 0.00501253132832
174 0.0124378109453
175 0.005
176 0.0125
177 0.005
178 0.0075
179 0.00751879699248
