1 0.305764411028
2 0.345588235294
3 0.262626262626
4 0.005
5 0.0173697270471
6 0.00995024875622
7 0.00753768844221
8 0.0074812967581
9 0.0125313283208
10 0.0075
11 0.00753768844221
12 0.00751879699248
13 0.02
14 0.01
15 0.0124378109453
16 0.0176767676768
17 0.005
18 0.029776674938
19 0.0074812967581
20 0.0150753768844
21 0.0075
22 0.015
23 0.00995024875622
24 0.0149625935162
25 0.00501253132832
26 0.00751879699248
27 0.0075
28 0.0075
29 0.00251256281407
30 0.00751879699248
31 0.00997506234414
32 0.00997506234414
33 0.00751879699248
34 0.01
35 0.00502512562814
36 0.0149625935162
37 0.0075
38 0.015037593985
39 0.005
40 0.0124688279302
41 0.00995024875622
42 0.00505050505051
43 0.00498753117207
44 0.0124688279302
45 0.00501253132832
46 0.0225563909774
47 0.00997506234414
48 0.00997506234414
49 0.00251256281407
50 0.00502512562814
51 0.0124069478908
52 0.00501253132832
53 0.00501253132832
54 0.00755667506297
55 0.0074812967581
56 0.0075
57 0.00501253132832
58 0.0199501246883
59 0.0075
60 0.00997506234414
61 0.00502512562814
62 0.00992555831266
63 0.0074812967581
64 0.01
65 0.0124378109453
66 0.0149625935162
67 0.00751879699248
68 0.00505050505051
69 0.005
70 0.0125
71 0.005
72 0.0149253731343
73 0.01
74 0.00751879699248
75 0.0148514851485
76 0.00502512562814
77 0.0075
78 0.0100502512563
79 0.0075
80 0.0074812967581
81 0.00751879699248
82 0.0148514851485
83 0.00502512562814
84 0.0174129353234
85 0.00751879699248
86 0.00995024875622
87 0.0075
88 0.0100250626566
89 0.0074812967581
90 0.0125628140704
91 0.00501253132832
92 0.0249376558603
93 0.0075
94 0.0124378109453
95 0.0075
96 0.00997506234414
97 0.00502512562814
98 0.0075
99 0.0075
100 0.00751879699248
101 0.00751879699248
102 0.0124688279302
103 0.0075
104 0.00501253132832
105 0.0074812967581
106 0.0124688279302
107 0.00997506234414
108 0.00751879699248
109 0.005
110 0.015037593985
111 0.00502512562814
112 0.00751879699248
113 0.00995024875622
114 0.0125
115 0.00501253132832
116 0.014888337469
117 0.00751879699248
118 0.0074812967581
119 0.00502512562814
120 0.0074812967581
121 0.00501253132832
122 0.00755667506297
123 0.0075
124 0.01
125 0.00250626566416
126 0.0075
127 0.00501253132832
128 0.0100250626566
129 0.0074812967581
130 0.0125313283208
131 0.0075
132 0.00997506234414
133 0.0074812967581
134 0.0100250626566
135 0.01
136 0.0125
137 0.005
138 0.00755667506297
139 0.00498753117207
140 0.00755667506297
141 0.0124378109453
142 0.00751879699248
143 0.0075
144 0.00753768844221
145 0.005
146 0.0100250626566
147 0.00251256281407
148 0.00501253132832
149 0.0148514851485
150 0.0100250626566
151 0.005
152 0.00995024875622
153 0.0100250626566
154 0.01
155 0.00501253132832
156 0.00755667506297
157 0.00498753117207
158 0.0175879396985
159 0.00997506234414
160 0.0199501246883
161 0.0075
162 0.0124688279302
163 0.0075
164 0.00503778337531
165 0.00250626566416
166 0.0075
167 0.00997506234414
168 0.0125
169 0.0075
170 0.00751879699248
171 0.0074812967581
172 0.0124688279302
173 0.00751879699248
174 0.0075
175 0.005
176 0.00753768844221
177 0.0148514851485
178 0.00751879699248
179 0.00995024875622
