1 0.317733990148
2 0.33
3 0.26
4 0.0074812967581
5 0.00753768844221
6 0.0124688279302
7 0.0075
8 0.00251889168766
9 0.0075
10 0.0125
11 0.0124069478908
12 0.00751879699248
13 0.0124378109453
14 0.00502512562814
15 0.01
16 0.00997506234414
17 0.0124378109453
18 0.00751879699248
19 0.0075
20 0.01
21 0.0075
22 0.00251889168766
23 0.00502512562814
24 0.0124378109453
25 0.00755667506297
26 0.00501253132832
27 0.00997506234414
28 0.0125
29 0.01
30 0.00502512562814
31 0.0124069478908
32 0.00502512562814
33 0.0074812967581
34 0.00502512562814
35 0.01
36 0.00502512562814
37 0.005
38 0.0149253731343
39 0.01
40 0.005
41 0.01
42 0.01
43 0.00751879699248
44 0.00501253132832
45 0.0124069478908
46 0.00501253132832
47 0.00755667506297
48 0.00995024875622
49 0.0074812967581
50 0.00753768844221
51 0.00751879699248
52 0.0075
53 0.01
54 0.01
55 0.0075
56 0.0075
57 0.00502512562814
58 0.01
59 0.00502512562814
60 0.0074812967581
61 0.0124378109453
62 0.00751879699248
63 0.00498753117207
64 0.00250626566416
65 0.00751879699248
66 0.0075
67 0.00751879699248
68 0.005
69 0.01
70 0.00502512562814
71 0.00251256281407
72 0.00997506234414
73 0.00502512562814
74 0.00997506234414
75 0.00501253132832
76 0.00753768844221
77 0.0074812967581
78 0.00251256281407
79 0.0124378109453
80 0.0124688279302
81 0.0075
82 0.00753768844221
83 0.0075
84 0.00995024875622
85 0.0075
86 0.00751879699248
87 0.00501253132832
88 0.0124688279302
89 0.0075
90 0.01
91 0.0075
92 0.0075
93 0.00751879699248
94 0.00753768844221
95 0.0172839506173
96 0.00501253132832
97 0.00997506234414
98 0.00502512562814
99 0.00502512562814
100 0.0125
101 0.01
102 0.00997506234414
103 0.0124378109453
104 0.0175438596491
105 0.00501253132832
106 0.00997506234414
107 0.0075
108 0.015
109 0.0075
110 0.0075
111 0.00751879699248
112 0.01
113 0.0074812967581
114 0.00501253132832
115 0.01
116 0.00503778337531
117 0.00498753117207
118 0.00751879699248
119 0.0075
120 0.0075
121 0.00251889168766
122 0.0125
123 0.0075
124 0.0075
125 0.0100250626566
126 0.00751879699248
127 0.0
128 0.00997506234414
129 0.00502512562814
130 0.0075
131 0.00251256281407
132 0.00751879699248
133 0.014888337469
134 0.0125
135 0.00498753117207
136 0.00751879699248
137 0.0075
138 0.0075
139 0.00753768844221
140 0.00997506234414
141 0.00997506234414
142 0.00753768844221
143 0.00992555831266
144 0.00503778337531
145 0.005
146 0.00502512562814
147 0.0124378109453
148 0.0124378109453
149 0.00501253132832
150 0.01
151 0.0124688279302
152 0.00501253132832
153 0.00251256281407
154 0.0100250626566
155 0.00997506234414
156 0.005
157 0.00751879699248
158 0.00502512562814
159 0.00501253132832
160 0.00501253132832
161 0.00751879699248
162 0.00997506234414
163 0.00751879699248
164 0.00997506234414
165 0.00502512562814
166 0.0075
167 0.00751879699248
168 0.00751879699248
169 0.00250626566416
170 0.00501253132832
171 0.105
172 0.0601503759398
173 0.0125
174 0.00502512562814
175 0.0124378109453
176 0.0075
177 0.00502512562814
178 0.00501253132832
179 0.01
