1 0.189890963632
2 0.196425562034
3 0.201835248913
4 0.203111833901
5 0.203271933668
6 0.203558427989
7 0.203533149078
8 0.20360898581
9 0.203929185345
10 0.203566854292
11 0.203773298729
12 0.203983956318
13 0.203689035694
14 0.20360898581
15 0.203533149078
16 0.203714314604
17 0.203697461997
18 0.203887053827
19 0.203528935926
20 0.203975530014
21 0.203326704641
22 0.203781725033
23 0.204262024335
24 0.20379857764
25 0.203651117328
26 0.203924972193
27 0.203756446122
28 0.203983956318
29 0.204055579898
30 0.204080858809
31 0.203819643399
32 0.203756446122
33 0.203448886043
34 0.203844922309
35 0.204080858809
36 0.204055579898
37 0.204097711416
38 0.203967103711
39 0.204278876942
40 0.204342074219
41 0.20410613772
42 0.204097711416
43 0.204278876942
44 0.204257811183
45 0.204489534531
46 0.205454346287
47 0.205576527689
48 0.206090532205
49 0.20562708551
50 0.205391149011
51 0.205601806599
52 0.205496477805
53 0.2053658701
54 0.205665003876
55 0.206170582089
56 0.206039974384
57 0.205909366679
58 0.205778758974
59 0.205559675082
60 0.20569870909
61 0.206014695473
62 0.205643938117
63 0.205500690957
64 0.205576527689
65 0.205601806599
66 0.205597593448
67 0.20569870909
68 0.205408001618
69 0.205749266912
70 0.206048400688
71 0.205837743099
72 0.20586302201
73 0.205643938117
74 0.20569870909
75 0.205943071893
76 0.20588830092
77 0.205854595706
78 0.206145303178
79 0.206039974384
80 0.20569870909
81 0.205568101385
82 0.205568101385
83 0.205829316795
84 0.205669217028
85 0.206023121777
86 0.205943071893
87 0.205782972126
88 0.2059599245
89 0.205576527689
90 0.205820890492
91 0.205618659207
92 0.205884087768
93 0.20603154808
94 0.205795611581
95 0.205749266912
96 0.20567343018
97 0.205534396171
98 0.205357443797
99 0.205601806599
100 0.205420641073
101 0.205542822475
102 0.205559675082
103 0.205884087768
104 0.205521756716
105 0.205648151269
106 0.20569870909
107 0.205804037885
108 0.20569870909
109 0.205757693215
110 0.205732414304
111 0.205993629715
112 0.205943071893
113 0.205517543564
114 0.205357443797
115 0.205201557181
116 0.205652364421
117 0.206039974384
118 0.205909366679
119 0.205521756716
120 0.205728201153
121 0.206073679598
122 0.205943071893
123 0.205648151269
124 0.2059599245
125 0.205665003876
126 0.205622872358
127 0.205332164886
128 0.205471198894
129 0.205829316795
130 0.205909366679
131 0.205639724965
132 0.205778758974
133 0.205749266912
134 0.20529424652
135 0.205235262395
136 0.205563888234
137 0.20603154808
138 0.20569870909
139 0.205568101385
140 0.205568101385
141 0.205327951734
142 0.205488051502
143 0.205639724965
144 0.205399575314
145 0.205749266912
146 0.205197344029
147 0.205690282787
148 0.205568101385
149 0.205829316795
150 0.205820890492
151 0.205471198894
152 0.205576527689
153 0.205357443797
154 0.20569870909
155 0.205909366679
156 0.206039974384
157 0.206204287303
158 0.205985203411
159 0.205782972126
160 0.206098958509
161 0.205879874617
162 0.205804037885
163 0.20612423742
164 0.206275910883
165 0.206406518588
166 0.206254845125
167 0.20648235532
168 0.206431797499
169 0.206322255553
170 0.20622113991
171 0.206145303178
172 0.205723988001
173 0.2059599245
174 0.206318042401
175 0.2059599245
176 0.205593380296
177 0.206065253295
