1 0.156295291382
2 0.162370656241
3 0.167114665139
4 0.168100542654
5 0.170434628737
6 0.172288415518
7 0.174020020897
8 0.174673059422
9 0.176151875695
10 0.178174188547
11 0.179366510499
12 0.180592537666
13 0.181540496815
14 0.182475816509
15 0.187097644006
16 0.189789847989
17 0.191521453369
18 0.191816373993
19 0.193392092757
20 0.194908827396
21 0.196712056355
22 0.196851090364
23 0.203634264721
24 0.20379857764
25 0.204940341771
26 0.207923253227
27 0.211209511611
28 0.211470727021
29 0.210893525228
30 0.213429842597
31 0.213459334659
32 0.216867774445
33 0.217057366275
34 0.219732717651
35 0.219985506758
36 0.222311166537
37 0.232140449628
38 0.23254912535
39 0.232300549395
40 0.232532272743
41 0.239943206714
42 0.239783106947
43 0.240073814419
44 0.244489197479
45 0.244173211096
46 0.2447756918
47 0.24888351478
48 0.249389092993
49 0.249266911591
50 0.249191074859
51 0.25389295224
52 0.25391823115
53 0.253829754963
54 0.257836462301
55 0.258695945263
56 0.258468435067
57 0.258628534834
58 0.258573763861
59 0.261265967845
60 0.268942330379
61 0.278497758603
62 0.278603087398
63 0.279150797128
64 0.278767400317
65 0.278809531835
66 0.292219993933
67 0.29221156763
68 0.292455930432
69 0.292455930432
70 0.292447504129
71 0.292266338603
72 0.300414574135
73 0.30028396643
74 0.300578887054
75 0.299925848529
76 0.300128079814
77 0.300203916546
78 0.307256732617
79 0.307568505848
80 0.308145707641
81 0.308221544373
82 0.307724392464
83 0.307728605615
84 0.307753884526
85 0.308204691766
86 0.31567039671
87 0.315615625737
88 0.315876841147
89 0.315927398969
90 0.315699888773
91 0.315173244801
92 0.323165593717
93 0.323376251306
94 0.323784927028
95 0.323957666251
96 0.323666958779
97 0.323662745627
98 0.323540564225
99 0.325916781826
100 0.333197108093
101 0.354692608447
102 0.35526981024
103 0.355113923624
104 0.355686912265
105 0.355665846506
106 0.355118136776
107 0.355379352186
108 0.355109710472
109 0.355172907749
110 0.35500859483
111 0.376070140551
112 0.375800498837
113 0.375703596346
114 0.375252789106
115 0.375644612222
116 0.376086993158
117 0.375876335569
118 0.375834204051
119 0.375703596346
120 0.388705382723
121 0.38874751424
122 0.38867589066
123 0.388659038053
124 0.389000303347
125 0.389227813543
126 0.388966598133
127 0.389130911052
128 0.389147763659
129 0.389080353231
130 0.400877178199
131 0.400953014931
132 0.401083622636
133 0.400936162324
134 0.401374330109
135 0.401610266608
136 0.401652398126
137 0.401643971822
138 0.401450166841
139 0.40139960902
140 0.401243722404
141 0.401627119215
142 0.401504937814
143 0.401454379993
144 0.401479658903
145 0.40168610334
146 0.401433314234
147 0.401450166841
148 0.401319559136
149 0.401138393609
150 0.401243722404
151 0.401610266608
152 0.401336411743
153 0.401441740537
154 0.401349051198
155 0.401450166841
156 0.401513364117
157 0.401454379993
158 0.401454379993
159 0.401475445751
160 0.40139960902
161 0.401479658903
162 0.401467019448
163 0.401643971822
164 0.401433314234
165 0.401311132832
166 0.40166082443
167 0.401450166841
168 0.401669250733
169 0.401269001315
170 0.401504937814
171 0.401302706529
172 0.40116367252
173 0.401269001315
174 0.401083622636
175 0.400957228083
176 0.401327985439
177 0.401218443493
