1 0.309045226131
2 0.328358208955
3 0.295454545455
4 0.271317829457
5 0.309278350515
6 0.294117647059
7 0.222222222222
8 0.40306122449
9 0.188976377953
10 0.155495978552
11 0.195928753181
12 0.184415584416
13 0.02
14 0.0075
15 0.00997506234414
16 0.00251256281407
17 0.00501253132832
18 0.0075
19 0.00997506234414
20 0.00753768844221
21 0.0074812967581
22 0.00997506234414
23 0.111111111111
24 0.188630490956
25 0.184696569921
26 0.201044386423
27 0.180628272251
28 0.187989556136
29 0.185185185185
30 0.172043010753
31 0.167553191489
32 0.168449197861
33 0.0589743589744
34 0.0075
35 0.0075
36 0.0074812967581
37 0.00251889168766
38 0.0075
39 0.00997506234414
40 0.00501253132832
41 0.00997506234414
42 0.00501253132832
43 0.122762148338
44 0.20618556701
45 0.203125
46 0.166666666667
47 0.188481675393
48 0.19109947644
49 0.1953125
50 0.18961038961
51 0.149456521739
52 0.173684210526
53 0.058524173028
54 0.005
55 0.005
56 0.0074812967581
57 0.00751879699248
58 0.00751879699248
59 0.0074812967581
60 0.005
61 0.00753768844221
62 0.0074812967581
63 0.10875331565
64 0.16577540107
65 0.176470588235
66 0.18449197861
67 0.181578947368
68 0.178191489362
69 0.249370277078
70 0.176315789474
71 0.172872340426
72 0.203125
73 0.0555555555556
74 0.0075
75 0.00502512562814
76 0.00995024875622
77 0.005
78 0.0125
79 0.0074812967581
80 0.0075
81 0.0125313283208
82 0.0075
83 0.145833333333
84 0.185863874346
85 0.162234042553
86 0.161725067385
87 0.171581769437
88 0.161803713528
89 0.177835051546
90 0.196335078534
91 0.0552763819095
92 0.005
93 0.0175438596491
94 0.0124069478908
95 0.00751879699248
96 0.005
97 0.00251256281407
98 0.01
99 0.0124069478908
100 0.00501253132832
101 0.00751879699248
102 0.005
103 0.172588832487
104 0.16577540107
105 0.154471544715
106 0.179419525066
107 0.192207792208
108 0.20716112532
109 0.192207792208
110 0.193211488251
111 0.201530612245
112 0.154666666667
113 0.0527638190955
114 0.00751879699248
115 0.00502512562814
116 0.0074812967581
117 0.0124378109453
118 0.00501253132832
119 0.00751879699248
120 0.00501253132832
121 0.00995024875622
122 0.0075
123 0.115789473684
124 0.0075
125 0.0124688279302
126 0.005
127 0.00753768844221
128 0.005
129 0.01
130 0.0124688279302
131 0.0075
132 0.01
133 0.015037593985
134 0.0075
135 0.0075
136 0.00501253132832
137 0.0075
138 0.0124688279302
139 0.0074812967581
140 0.00501253132832
141 0.0075
142 0.0075
143 0.0249376558603
144 0.00997506234414
145 0.00501253132832
146 0.00995024875622
147 0.00751879699248
148 0.0075
149 0.0174563591022
150 0.005
151 0.00751879699248
152 0.0124378109453
153 0.0175
154 0.00501253132832
155 0.0075
156 0.0075
157 0.00501253132832
158 0.0075
159 0.00501253132832
160 0.00997506234414
161 0.005
162 0.0075
163 0.0225
164 0.00501253132832
165 0.01
166 0.00997506234414
167 0.0075
168 0.00753768844221
169 0.00751879699248
170 0.0074812967581
171 0.00501253132832
172 0.00502512562814
173 0.0175438596491
174 0.00501253132832
175 0.0074812967581
176 0.0
177 0.0075
178 0.0124378109453
179 0.005
