1 0.189587616704
2 0.19617698608
3 0.201582459807
4 0.203427820284
5 0.203625838417
6 0.203908119586
7 0.204080858809
8 0.203828069702
9 0.203689035694
10 0.203533149078
11 0.203444672891
12 0.203756446122
13 0.204072432505
14 0.204270450639
15 0.205445919984
16 0.205631298662
17 0.205606019751
18 0.205736627456
19 0.205454346287
20 0.205323738582
21 0.205214196636
22 0.205340591189
23 0.205534396171
24 0.205635511814
25 0.205504904109
26 0.205584953992
27 0.205180491422
28 0.205601806599
29 0.205542822475
30 0.205867235161
31 0.205408001618
32 0.205715561697
33 0.205429067377
34 0.205395362163
35 0.20569870909
36 0.205285820216
37 0.205580740841
38 0.205787185278
39 0.206128450571
40 0.206170582089
41 0.206153729482
42 0.20586302201
43 0.205420641073
44 0.205926219286
45 0.205917792983
46 0.206284337187
47 0.205917792983
48 0.205951498197
49 0.206655094543
50 0.206975294078
51 0.20638545283
52 0.206726718123
53 0.206621389329
54 0.207042704506
55 0.207173312211
56 0.206987933533
57 0.206920523105
58 0.20671829182
59 0.206937375712
60 0.207232296336
61 0.206954228319
62 0.206596110418
63 0.206520273686
64 0.206815194311
65 0.206604536722
66 0.206499207927
67 0.206823620614
68 0.206865752132
69 0.207181738515
70 0.207042704506
71 0.206832046918
72 0.206874178435
73 0.207173312211
74 0.207337625131
75 0.207249148943
76 0.207067983417
77 0.206832046918
78 0.20697950723
79 0.206912096801
80 0.207346051434
81 0.207822137585
82 0.208378273619
83 0.208580504904
84 0.20847517611
85 0.208310863191
86 0.208605783815
87 0.208378273619
88 0.208374060467
89 0.208348781557
90 0.208719538913
91 0.208264518521
92 0.208154976575
93 0.208205534396
94 0.208668981091
95 0.208395126226
96 0.208188681789
97 0.208407765681
98 0.208652128484
99 0.208765883582
100 0.208538373386
101 0.208694260002
102 0.208913343894
103 0.208913343894
104 0.208888064984
105 0.208529947083
106 0.208711112609
107 0.208635275877
108 0.208264518521
109 0.208163402878
110 0.208660554788
111 0.208930196501
112 0.209035525296
113 0.208685833698
114 0.208555225993
115 0.208496241869
116 0.208479389262
117 0.208555225993
118 0.208513094476
119 0.208508881324
120 0.208272944825
121 0.208765883582
122 0.208416191985
123 0.20828558428
124 0.208702686306
125 0.208504668172
126 0.208727965216
127 0.209785466312
128 0.209802318919
129 0.209705416428
130 0.209347298527
131 0.209642219151
132 0.209975058141
133 0.209975058141
134 0.209680137517
135 0.20952003775
136 0.209819171526
137 0.209477906232
138 0.209747547946
139 0.210130944757
140 0.209836024133
141 0.209861303044
142 0.209343085375
143 0.209241969733
144 0.20970962958
145 0.210008763356
146 0.209600087634
147 0.209435774714
148 0.209305167009
149 0.209574808723
150 0.209557956116
151 0.209503185143
152 0.209494758839
153 0.209427348411
154 0.209444201018
155 0.209216690822
156 0.209600087634
157 0.210046681722
158 0.209739121642
159 0.209937139776
160 0.209730695339
161 0.209810745222
162 0.209566382419
163 0.209696990124
164 0.210050894873
165 0.210548046783
166 0.211116822272
167 0.210737638613
168 0.210986214567
169 0.21063652297
170 0.210695507095
171 0.210699720247
172 0.210548046783
173 0.210417439078
174 0.210615457211
175 0.2099961239
176 0.210628096667
177 0.210602817756
