1 0.16906535441
2 0.175503050322
3 0.180874818834
4 0.182627489973
5 0.184767771074
6 0.185795780107
7 0.188374228993
8 0.189452795848
9 0.191614142708
10 0.193396305909
11 0.195216387475
12 0.200946273889
13 0.203558427989
14 0.20600626917
15 0.209406282652
16 0.210855606862
17 0.211862550137
18 0.218725774377
19 0.223259125687
20 0.226326300179
21 0.226381071152
22 0.228993225252
23 0.232127810172
24 0.23549411844
25 0.235784825913
26 0.239736762277
27 0.249540766457
28 0.249941015875
29 0.258658026897
30 0.258708584718
31 0.258797060905
32 0.263583201321
33 0.263364117429
34 0.268617917692
35 0.268895985709
36 0.274061309785
37 0.273391418652
38 0.273425123867
39 0.279407799387
40 0.279247699619
41 0.279441504601
42 0.283229128046
43 0.297595975597
44 0.303334288314
45 0.303831440224
46 0.30341855135
47 0.308899861809
48 0.317814890964
49 0.317751693687
50 0.317979203883
51 0.318097172133
52 0.318206714079
53 0.318526913614
54 0.318307829721
55 0.318324682328
56 0.318649095015
57 0.318341534935
58 0.318274124507
59 0.318160369409
60 0.318109811588
61 0.318038188008
62 0.318345748087
63 0.318248845596
64 0.318320469177
65 0.318248845596
66 0.318206714079
67 0.318223566686
68 0.318151943106
69 0.318198287775
70 0.318354174391
71 0.317848596178
72 0.318396305909
73 0.318290977114
74 0.318425797971
75 0.31859011089
76 0.31856483198
77 0.318573258283
78 0.318240419293
79 0.317873875088
80 0.318320469177
81 0.318295190266
82 0.318345748087
83 0.318345748087
84 0.318345748087
85 0.318501634703
86 0.318059253767
87 0.318248845596
88 0.317882301392
89 0.318488995248
90 0.317882301392
91 0.317667430652
92 0.318033974856
93 0.318345748087
94 0.318109811588
95 0.318299403418
96 0.318581684587
97 0.318240419293
98 0.317932859213
99 0.318265698204
100 0.31859011089
101 0.318459503185
102 0.318451076882
103 0.318606963497
104 0.318556405676
105 0.318320469177
106 0.318295190266
107 0.318417371667
108 0.318371026998
109 0.318029761704
110 0.317768546294
111 0.317566315009
112 0.317768546294
113 0.325946273889
114 0.326034750076
115 0.326102160504
116 0.326312818093
117 0.326679362297
118 0.326654083387
119 0.326161144629
120 0.326287539182
121 0.326460278405
122 0.326658296538
123 0.326422360039
124 0.326738346422
125 0.326527688833
126 0.326654083387
127 0.326649870235
128 0.326654083387
129 0.326291752334
130 0.326177997236
131 0.326262260272
132 0.326338097004
133 0.326161144629
134 0.326119013111
135 0.32595048704
136 0.326287539182
137 0.326156931477
138 0.326190636691
139 0.326304391789
140 0.326199062995
141 0.32599683171
142 0.326026323772
143 0.326207489299
144 0.326523475682
145 0.326493983619
146 0.326076881594
147 0.326199062995
148 0.325988405406
149 0.326338097004
150 0.326127439415
151 0.326338097004
152 0.326304391789
153 0.326312818093
154 0.326354949611
155 0.326127439415
156 0.326409720584
157 0.326624591324
158 0.326624591324
159 0.326738346422
160 0.326371802218
161 0.326295965486
162 0.326262260272
163 0.326173784084
164 0.326005258013
165 0.326346523307
166 0.326654083387
167 0.326338097004
168 0.326232768209
169 0.326085307897
170 0.326321244397
171 0.326599312414
172 0.326746772726
173 0.326321244397
174 0.325946273889
175 0.326262260272
176 0.326199062995
177 0.326312818093
