1 0.189735077016
2 0.196425562034
3 0.201675149146
4 0.203819643399
5 0.203528935926
6 0.203895480131
7 0.20387020122
8 0.203967103711
9 0.203292999427
10 0.203967103711
11 0.204114564023
12 0.204089285112
13 0.205715561697
14 0.20577033267
15 0.206145303178
16 0.206170582089
17 0.206014695473
18 0.20569870909
19 0.205732414304
20 0.205820890492
21 0.206145303178
22 0.206065253295
23 0.205884087768
24 0.206014695473
25 0.206014695473
26 0.205875661465
27 0.205820890492
28 0.206073679598
29 0.206048400688
30 0.205690282787
31 0.205656577573
32 0.205715561697
33 0.206065253295
34 0.20588830092
35 0.205471198894
36 0.205837743099
37 0.206351747615
38 0.205841956251
39 0.205989416563
40 0.205812464188
41 0.205669217028
42 0.206187434696
43 0.206431797499
44 0.206275910883
45 0.206318042401
46 0.20645707641
47 0.206924736257
48 0.207021638748
49 0.206810981159
50 0.206971080926
51 0.20700478614
52 0.207126967542
53 0.207093262328
54 0.207185951667
55 0.206785702248
56 0.20716909906
57 0.207468232836
58 0.207607266844
59 0.207480872291
60 0.207497724898
61 0.207299706765
62 0.206819407462
63 0.206617176177
64 0.207126967542
65 0.207468232836
66 0.206971080926
67 0.207413461863
68 0.207510364353
69 0.207615693148
70 0.207615693148
71 0.207270214702
72 0.207126967542
73 0.207084836024
74 0.207371330345
75 0.207320772524
76 0.207126967542
77 0.206941588864
78 0.206823620614
79 0.207135393845
80 0.208121271361
81 0.2082139607
82 0.2079780242
83 0.208310863191
84 0.207813711281
85 0.208466749806
86 0.209094509421
87 0.209086083117
88 0.20902288584
89 0.208555225993
90 0.208702686306
91 0.208521520779
92 0.208466749806
93 0.208774309886
94 0.208757457279
95 0.208963901716
96 0.209043951599
97 0.20873639152
98 0.208673194243
99 0.208652128484
100 0.208866999225
101 0.208791162493
102 0.208883851832
103 0.208799588796
104 0.208694260002
105 0.209014459537
106 0.208542586538
107 0.208993393778
108 0.209199838215
109 0.209014459537
110 0.209174559304
111 0.209124001483
112 0.208913343894
113 0.208597357511
114 0.208572078601
115 0.208496241869
116 0.208972328019
117 0.209035525296
118 0.209039738448
119 0.208866999225
120 0.209153493545
121 0.208963901716
122 0.208420405137
123 0.208302436887
124 0.2088080151
125 0.20866476794
126 0.20899760693
127 0.209705416428
128 0.209941352927
129 0.21011409215
130 0.209798105767
131 0.209338872224
132 0.209747547946
133 0.209747547946
134 0.209827597829
135 0.209671711214
136 0.210063534329
137 0.210202568337
138 0.210168863123
139 0.210080386936
140 0.209730695339
141 0.209764400553
142 0.209650645455
143 0.209574808723
144 0.209423135259
145 0.209705416428
146 0.209958205534
147 0.209975058141
148 0.209953992383
149 0.209650645455
150 0.209322019616
151 0.209503185143
152 0.209789679463
153 0.210122518454
154 0.209928713472
155 0.209583235026
156 0.209541103509
157 0.209958205534
158 0.210219420944
159 0.210105665847
160 0.210063534329
161 0.209722269035
162 0.209570595571
163 0.20978125316
164 0.210295257676
165 0.210585965149
166 0.210653375577
167 0.210977788264
168 0.210994640871
169 0.210994640871
170 0.210758704372
171 0.210872459469
172 0.210644949274
173 0.210244699855
174 0.210644949274
175 0.210880885773
176 0.210876672621
177 0.210931443594
