1 0.189768782231
2 0.196442414642
3 0.202130169537
4 0.20368060939
5 0.203958677407
6 0.204114564023
7 0.203853348613
8 0.203903906434
9 0.203836496006
10 0.20413141663
11 0.203895480131
12 0.204245171728
13 0.204055579898
14 0.204055579898
15 0.204219892817
16 0.203887053827
17 0.203975530014
18 0.204122990327
19 0.204017661532
20 0.203924972193
21 0.203920759041
22 0.204236745425
23 0.20413141663
24 0.203773298729
25 0.204287303246
26 0.204523239745
27 0.204586437022
28 0.204287303246
29 0.203912332738
30 0.205180491422
31 0.205445919984
32 0.205184704574
33 0.20541221477
34 0.205795611581
35 0.205985203411
36 0.205837743099
37 0.20586302201
38 0.205732414304
39 0.206098958509
40 0.206204287303
41 0.206073679598
42 0.205732414304
43 0.205913579831
44 0.205568101385
45 0.205778758974
46 0.205926219286
47 0.206145303178
48 0.206039974384
49 0.205778758974
50 0.205252115002
51 0.205534396171
52 0.205445919984
53 0.205909366679
54 0.206039974384
55 0.205884087768
56 0.205648151269
57 0.205542822475
58 0.205525969868
59 0.205648151269
60 0.20541221477
61 0.205879874617
62 0.205917792983
63 0.206254845125
64 0.20586302201
65 0.205740840608
66 0.205311099127
67 0.206128450571
68 0.206334895008
69 0.206073679598
70 0.206082105902
71 0.205778758974
72 0.205690282787
73 0.206179008393
74 0.206145303178
75 0.205795611581
76 0.206010482322
77 0.206065253295
78 0.205804037885
79 0.20577033267
80 0.205753480063
81 0.205829316795
82 0.205454346287
83 0.205488051502
84 0.205707135394
85 0.205601806599
86 0.205757693215
87 0.205943071893
88 0.205926219286
89 0.20586302201
90 0.20593464559
91 0.205429067377
92 0.205715561697
93 0.205601806599
94 0.205403788466
95 0.205357443797
96 0.205707135394
97 0.205787185278
98 0.206010482322
99 0.206039974384
100 0.20567343018
101 0.205985203411
102 0.205804037885
103 0.205601806599
104 0.205707135394
105 0.205943071893
106 0.205576527689
107 0.205408001618
108 0.205517543564
109 0.205778758974
110 0.205757693215
111 0.206048400688
112 0.206002056018
113 0.206170582089
114 0.205829316795
115 0.206271697732
116 0.206039974384
117 0.206090532205
118 0.20588830092
119 0.205753480063
120 0.206145303178
121 0.2059599245
122 0.206195861
123 0.206039974384
124 0.20622113991
125 0.20622113991
126 0.20622113991
127 0.206179008393
128 0.206465502713
129 0.206414944892
130 0.206090532205
131 0.206237992517
132 0.20622113991
133 0.205719774849
134 0.206090532205
135 0.206187434696
136 0.206431797499
137 0.205913579831
138 0.206170582089
139 0.206212713607
140 0.205740840608
141 0.207110114935
142 0.207215443729
143 0.20719437797
144 0.206777275945
145 0.20700478614
146 0.207354477738
147 0.207118541238
148 0.207236509488
149 0.207101688631
150 0.207059557113
151 0.207152246453
152 0.206583470963
153 0.207042704506
154 0.206848899525
155 0.207257575247
156 0.206924736257
157 0.207346051434
158 0.207160672756
159 0.206869965284
160 0.206701439213
161 0.206596110418
162 0.207202804274
163 0.207249148943
164 0.207190164818
165 0.206958441471
166 0.207097475479
167 0.20697950723
168 0.206827833766
169 0.206684586606
170 0.207072196569
171 0.207510364353
172 0.20716909906
173 0.207152246453
174 0.20671829182
175 0.207185951667
176 0.207346051434
177 0.207324985675
