1 0.188125653039
2 0.19456334895
3 0.200065725168
4 0.201793117395
5 0.202315548215
6 0.202568337322
7 0.202050119654
8 0.203124473356
9 0.20365533048
10 0.203596346355
11 0.203596346355
12 0.203124473356
13 0.203305638882
14 0.203250867909
15 0.203410967677
16 0.202998078803
17 0.202939094678
18 0.203124473356
19 0.203621625265
20 0.203596346355
21 0.203604772658
22 0.203857561765
23 0.203857561765
24 0.20401344838
25 0.203541575382
26 0.203672183087
27 0.203630051569
28 0.203731167212
29 0.203777511881
30 0.204152482389
31 0.203769085578
32 0.203625838417
33 0.204047153595
34 0.204379992585
35 0.204038727291
36 0.204097711416
37 0.203887053827
38 0.203853348613
39 0.203714314604
40 0.203924972193
41 0.204405271496
42 0.204379992585
43 0.204379992585
44 0.204224105969
45 0.204034514139
46 0.20424938488
47 0.204535879201
48 0.204379992585
49 0.204405271496
50 0.20420304021
51 0.204350500522
52 0.204405271496
53 0.204350500522
54 0.20451060029
55 0.204535879201
56 0.204569584415
57 0.20451060029
58 0.204358926826
59 0.204350500522
60 0.204139842934
61 0.203777511881
62 0.203857561765
63 0.204186187603
64 0.204430550406
65 0.204535879201
66 0.20451060029
67 0.204371566281
68 0.204396845192
69 0.204064006202
70 0.20439263204
71 0.204122990327
72 0.20401344838
73 0.204430550406
74 0.204055579898
75 0.203722740908
76 0.204021874684
77 0.204135629782
78 0.204405271496
79 0.204544305504
80 0.204169334996
81 0.204245171728
82 0.204544305504
83 0.204535879201
84 0.204561158111
85 0.204447403013
86 0.204253598032
87 0.204000808925
88 0.204266237487
89 0.204283090094
90 0.204262024335
91 0.204148269237
92 0.204291516398
93 0.204266237487
94 0.204489534531
95 0.204535879201
96 0.204287303246
97 0.204430550406
98 0.204455829317
99 0.204342074219
100 0.204089285112
101 0.203962890559
102 0.204535879201
103 0.204034514139
104 0.204325221612
105 0.204797094611
106 0.204666486906
107 0.204358926826
108 0.204144056085
109 0.204152482389
110 0.204122990327
111 0.204089285112
112 0.204064006202
113 0.204144056085
114 0.204333647915
115 0.20451060029
116 0.204523239745
117 0.204561158111
118 0.204245171728
119 0.204021874684
120 0.2041777613
121 0.204350500522
122 0.204535879201
123 0.204544305504
124 0.20470019212
125 0.20451060029
126 0.204674913209
127 0.204569584415
128 0.20427466379
129 0.203769085578
130 0.204169334996
131 0.204122990327
132 0.204333647915
133 0.204674913209
134 0.204342074219
135 0.20436735313
136 0.204379992585
137 0.204211466514
138 0.20443897671
139 0.203933398497
140 0.204430550406
141 0.204379992585
142 0.203878627524
143 0.20427466379
144 0.20470019212
145 0.204325221612
146 0.204430550406
147 0.20451060029
148 0.204485321379
149 0.204342074219
150 0.2041777613
151 0.204578010718
152 0.204245171728
153 0.204455829317
154 0.204641207995
155 0.204641207995
156 0.204430550406
157 0.203899693283
158 0.204405271496
159 0.204379992585
160 0.203958677407
161 0.204047153595
162 0.204308369005
163 0.204375779433
164 0.204405271496
165 0.204342074219
166 0.204535879201
167 0.204316795308
168 0.204085071961
169 0.204430550406
170 0.204434763558
171 0.204856078735
172 0.20470019212
173 0.204569584415
174 0.20451060029
175 0.204527452897
176 0.204299942701
177 0.204350500522
