1 0.31
2 0.321695760599
3 0.248743718593
4 0.00501253132832
5 0.00501253132832
6 0.00751879699248
7 0.00502512562814
8 0.005
9 0.00751879699248
10 0.0074812967581
11 0.00251256281407
12 0.155388471178
13 0.00997506234414
14 0.00751879699248
15 0.00501253132832
16 0.0075
17 0.0074812967581
18 0.00997506234414
19 0.00751879699248
20 0.0075
21 0.0075
22 0.01
23 0.0075
24 0.005
25 0.00502512562814
26 0.0075
27 0.0075
28 0.0075
29 0.00501253132832
30 0.0075
31 0.00502512562814
32 0.0074812967581
33 0.00501253132832
34 0.00751879699248
35 0.00501253132832
36 0.0075
37 0.005
38 0.0125
39 0.00995024875622
40 0.00501253132832
41 0.0075
42 0.00501253132832
43 0.00501253132832
44 0.01
45 0.00501253132832
46 0.005
47 0.00502512562814
48 0.0075
49 0.0075
50 0.00997506234414
51 0.00501253132832
52 0.0075
53 0.00501253132832
54 0.0075
55 0.0124378109453
56 0.00751879699248
57 0.00502512562814
58 0.00501253132832
59 0.0074812967581
60 0.00251256281407
61 0.00502512562814
62 0.00501253132832
63 0.0074812967581
64 0.00251256281407
65 0.00501253132832
66 0.0075
67 0.005
68 0.00502512562814
69 0.00251889168766
70 0.00997506234414
71 0.00995024875622
72 0.00502512562814
73 0.0075
74 0.005
75 0.00751879699248
76 0.0075
77 0.0075
78 0.00997506234414
79 0.0075
80 0.0124378109453
81 0.0075
82 0.00751879699248
83 0.0074812967581
84 0.01
85 0.0075
86 0.005
87 0.0124688279302
88 0.00501253132832
89 0.0074812967581
90 0.0075
91 0.00751879699248
92 0.00501253132832
93 0.00502512562814
94 0.014888337469
95 0.005
96 0.01
97 0.00751879699248
98 0.00997506234414
99 0.00501253132832
100 0.0075
101 0.0075
102 0.0075
103 0.00751879699248
104 0.0075
105 0.00501253132832
106 0.005
107 0.00751879699248
108 0.00501253132832
109 0.0075
110 0.00501253132832
111 0.0075
112 0.00502512562814
113 0.00751879699248
114 0.00498753117207
115 0.00751879699248
116 0.0075
117 0.00751879699248
118 0.00995024875622
119 0.00501253132832
120 0.0124688279302
121 0.00501253132832
122 0.0075
123 0.0074812967581
124 0.0100250626566
125 0.0075
126 0.00746268656716
127 0.00751879699248
128 0.00498753117207
129 0.00251256281407
130 0.00751879699248
131 0.00997506234414
132 0.00501253132832
133 0.00501253132832
134 0.01
135 0.005
136 0.00252525252525
137 0.005
138 0.01
139 0.005
140 0.00997506234414
141 0.00751879699248
142 0.00997506234414
143 0.005
144 0.00502512562814
145 0.00997506234414
146 0.00997506234414
147 0.00997506234414
148 0.00501253132832
149 0.0075
150 0.00251889168766
151 0.00992555831266
152 0.00753768844221
153 0.005
154 0.005
155 0.01
156 0.00501253132832
157 0.00251889168766
158 0.005
159 0.00997506234414
160 0.00502512562814
161 0.0075
162 0.0074812967581
163 0.01
164 0.0075
165 0.00250626566416
166 0.00751879699248
167 0.00995024875622
168 0.01
169 0.00502512562814
170 0.0074812967581
171 0.00501253132832
172 0.01
173 0.0074812967581
174 0.00501253132832
175 0.0075
176 0.0075
177 0.00502512562814
178 0.0074812967581
179 0.00502512562814
