1 0.104199669689
2 0.111353601402
3 0.117214095521
4 0.119004685025
5 0.120483501298
6 0.12148623142
7 0.121128113519
8 0.120635174762
9 0.120778421922
10 0.121085982001
11 0.120887963868
12 0.120850045502
13 0.120913242779
14 0.121591560214
15 0.121566281304
16 0.120955374296
17 0.120989079511
18 0.121397755233
19 0.121203950251
20 0.120841619198
21 0.121136539823
22 0.120727864101
23 0.120866898109
24 0.120858471806
25 0.120727864101
26 0.120980653207
27 0.120727864101
28 0.120386598807
29 0.120946947993
30 0.121258721224
31 0.121052276787
32 0.120883750716
33 0.120639387913
34 0.120694158886
35 0.120571977485
36 0.120748929859
37 0.120719437797
38 0.120887963868
39 0.120824766591
40 0.121174458189
41 0.120879537564
42 0.120563551181
43 0.120694158886
44 0.12070258519
45 0.12070258519
46 0.120626748458
47 0.120281270012
48 0.120879537564
49 0.120807913984
50 0.121119687216
51 0.121098621457
52 0.120673093128
53 0.120921669082
54 0.120850045502
55 0.120563551181
56 0.120816340288
57 0.12103542418
58 0.121048063635
59 0.121275573831
60 0.120883750716
61 0.121069129394
62 0.120850045502
63 0.120883750716
64 0.120887963868
65 0.121305065894
66 0.12122501601
67 0.120567764333
68 0.120336040986
69 0.12065624052
70 0.120546698574
71 0.120934308538
72 0.12091745593
73 0.120753143011
74 0.121056489939
75 0.121026997877
76 0.121246081769
77 0.121144966126
78 0.120833192895
79 0.120491927601
80 0.121043850484
81 0.120955374296
82 0.121355623715
83 0.121460952509
84 0.121566281304
85 0.121069129394
86 0.120799487681
87 0.121043850484
88 0.121102834609
89 0.121220802858
90 0.121136539823
91 0.121170245037
92 0.121052276787
93 0.121022784725
94 0.120997505814
95 0.120677306279
96 0.12070258519
97 0.120946947993
98 0.121043850484
99 0.12063096161
100 0.121166031885
101 0.120807913984
102 0.120921669082
103 0.121262934376
104 0.120795274529
105 0.120563551181
106 0.120719437797
107 0.120525632815
108 0.120727864101
109 0.120816340288
110 0.12082055344
111 0.121208163403
112 0.120525632815
113 0.1209638006
114 0.120921669082
115 0.120955374296
116 0.120921669082
117 0.121212376555
118 0.12082055344
119 0.120896390172
120 0.121216589706
121 0.121330344804
122 0.120744716708
123 0.120828979743
124 0.120428730325
125 0.120769995618
126 0.120534059119
127 0.120858471806
128 0.121085982001
129 0.120887963868
130 0.120913242779
131 0.120833192895
132 0.120601469547
133 0.120639387913
134 0.120816340288
135 0.12091745593
136 0.121431460447
137 0.121073342546
138 0.121448313054
139 0.121111260912
140 0.120597256396
141 0.120352893593
142 0.120361319896
143 0.120807913984
144 0.120597256396
145 0.120782635074
146 0.120862684957
147 0.120858471806
148 0.120909029627
149 0.120913242779
150 0.120727864101
151 0.121056489939
152 0.121048063635
153 0.121338771108
154 0.120824766591
155 0.120824766591
156 0.121275573831
157 0.121174458189
158 0.121208163403
159 0.121014358421
160 0.12091745593
161 0.120643601065
162 0.120989079511
163 0.121309279045
164 0.121170245037
165 0.12108176885
166 0.121144966126
167 0.12091745593
168 0.121174458189
169 0.1209638006
170 0.120786848225
171 0.121144966126
172 0.120576190637
173 0.121136539823
174 0.121187097644
175 0.120959587448
176 0.120938521689
