1 0.318407960199
2 0.293233082707
3 0.293670886076
4 0.261845386534
5 0.258706467662
6 0.255639097744
7 0.259351620948
8 0.261845386534
9 0.259351620948
10 0.256281407035
11 0.26
12 0.258706467662
13 0.261845386534
14 0.26433915212
15 0.185185185185
16 0.20725388601
17 0.175675675676
18 0.16393442623
19 0.193717277487
20 0.15512465374
21 0.151515151515
22 0.166666666667
23 0.198952879581
24 0.153846153846
25 0.149171270718
26 0.149171270718
27 0.189973614776
28 0.16847826087
29 0.166666666667
30 0.149171270718
31 0.197368421053
32 0.178666666667
33 0.133144475921
34 0.132768361582
35 0.168021680217
36 0.160762942779
37 0.190476190476
38 0.140883977901
39 0.131284916201
40 0.135211267606
41 0.179624664879
42 0.181578947368
43 0.162087912088
44 0.186170212766
45 0.176470588235
46 0.128205128205
47 0.172972972973
48 0.142061281337
49 0.161202185792
50 0.16847826087
51 0.153424657534
52 0.161643835616
53 0.15
54 0.159340659341
55 0.154696132597
56 0.16847826087
57 0.168021680217
58 0.165760869565
59 0.154696132597
60 0.193717277487
61 0.165311653117
62 0.155555555556
63 0.152777777778
64 0.13687150838
65 0.147632311978
66 0.147222222222
67 0.139275766017
68 0.145658263305
69 0.158469945355
70 0.16348773842
71 0.143258426966
72 0.186170212766
73 0.194225721785
74 0.198966408269
75 0.208762886598
76 0.152777777778
77 0.162601626016
78 0.158469945355
79 0.156164383562
80 0.149584487535
81 0.16393442623
82 0.154269972452
83 0.163043478261
84 0.187830687831
85 0.179894179894
86 0.144444444444
87 0.181333333333
88 0.156164383562
89 0.16847826087
90 0.164383561644
91 0.166666666667
92 0.146814404432
93 0.156593406593
94 0.152354570637
95 0.158904109589
96 0.156164383562
97 0.144444444444
98 0.137254901961
99 0.132768361582
100 0.154269972452
101 0.154269972452
102 0.174731182796
103 0.164383561644
104 0.165760869565
105 0.185185185185
106 0.138028169014
107 0.167115902965
108 0.154269972452
109 0.175202156334
110 0.152777777778
111 0.156593406593
112 0.174731182796
113 0.145251396648
114 0.151098901099
115 0.151098901099
116 0.148044692737
117 0.151933701657
118 0.14364640884
119 0.134453781513
120 0.151933701657
121 0.16621253406
122 0.153846153846
123 0.139275766017
124 0.155313351499
125 0.132768361582
126 0.153846153846
127 0.151515151515
128 0.17027027027
129 0.19109947644
130 0.185676392573
131 0.147632311978
132 0.149584487535
133 0.175675675676
134 0.148351648352
135 0.148760330579
136 0.133144475921
137 0.144444444444
138 0.153846153846
139 0.140449438202
140 0.147222222222
141 0.151515151515
142 0.137254901961
143 0.151515151515
144 0.139275766017
145 0.132768361582
146 0.162087912088
147 0.151515151515
148 0.144846796657
149 0.161202185792
150 0.159340659341
151 0.193717277487
152 0.176943699732
153 0.154471544715
154 0.146814404432
155 0.15
156 0.159779614325
157 0.155737704918
158 0.188976377953
159 0.149171270718
160 0.149171270718
161 0.153846153846
162 0.172972972973
163 0.157608695652
164 0.149171270718
165 0.187335092348
166 0.16935483871
167 0.132768361582
168 0.130311614731
169 0.16890080429
170 0.164383561644
171 0.162601626016
172 0.16348773842
173 0.163043478261
174 0.144444444444
175 0.14404432133
176 0.145251396648
177 0.147945205479
178 0.17027027027
179 0.177718832891
