1 0.188867167751
2 0.195452323975
3 0.200862010853
4 0.202307121912
5 0.202724223937
6 0.202993865651
7 0.202774781759
8 0.202530418956
9 0.203027570865
10 0.203166604874
11 0.203760659274
12 0.204089285112
13 0.20368060939
14 0.204009235229
15 0.20420304021
16 0.203992382622
17 0.203967103711
18 0.204228319121
19 0.203815430247
20 0.2039418248
21 0.203849135461
22 0.203975530014
23 0.203714314604
24 0.204342074219
25 0.204333647915
26 0.20462856854
27 0.204594863325
28 0.204603289629
29 0.204881357646
30 0.204451616165
31 0.20410613772
32 0.204417910951
33 0.204240958576
34 0.204481108227
35 0.204742323637
36 0.204952981226
37 0.204683339513
38 0.204717044727
39 0.204552731808
40 0.204717044727
41 0.204514813442
42 0.20458222387
43 0.204455829317
44 0.204708618423
45 0.204594863325
46 0.204733897334
47 0.205058310021
48 0.205180491422
49 0.204733897334
50 0.204603289629
51 0.204666486906
52 0.205092015235
53 0.204919276012
54 0.20470019212
55 0.204919276012
56 0.204952981226
57 0.204674913209
58 0.204733897334
59 0.204544305504
60 0.204893997101
61 0.204927702316
62 0.204620142236
63 0.204872931342
64 0.204847652432
65 0.204813947218
66 0.204864505039
67 0.205117294145
68 0.20465384745
69 0.204750749941
70 0.20465384745
71 0.204839226128
72 0.204759176245
73 0.20462856854
74 0.204455829317
75 0.204594863325
76 0.204674913209
77 0.204805520914
78 0.204750749941
79 0.204830799825
80 0.205155212511
81 0.204936128619
82 0.204759176245
83 0.204919276012
84 0.204514813442
85 0.204375779433
86 0.204872931342
87 0.20470019212
88 0.204822373521
89 0.204927702316
90 0.204759176245
91 0.204586437022
92 0.204839226128
93 0.205172065118
94 0.204839226128
95 0.204759176245
96 0.204451616165
97 0.204413697799
98 0.204497960835
99 0.204561158111
100 0.20443897671
101 0.204759176245
102 0.204952981226
103 0.204978260137
104 0.205058310021
105 0.204898210253
106 0.204586437022
107 0.205003539047
108 0.204788668307
109 0.20496140753
110 0.205214196636
111 0.205214196636
112 0.204679126361
113 0.20484343928
114 0.204927702316
115 0.204952981226
116 0.205108867842
117 0.205180491422
118 0.204805520914
119 0.205054096869
120 0.205256328154
121 0.204906636557
122 0.204881357646
123 0.205167851967
124 0.205281607065
125 0.204957194378
126 0.20522262294
127 0.204615929084
128 0.204278876942
129 0.204569584415
130 0.204872931342
131 0.204695978968
132 0.205037244262
133 0.205016178503
134 0.204615929084
135 0.205066736324
136 0.205403788466
137 0.204931915467
138 0.204957194378
139 0.205256328154
140 0.204995112744
141 0.204460042469
142 0.204830799825
143 0.204826586673
144 0.204645421147
145 0.205003539047
146 0.205403788466
147 0.204931915467
148 0.204776028852
149 0.204881357646
150 0.205054096869
151 0.205492264653
152 0.205028817958
153 0.204872931342
154 0.204763389396
155 0.204872931342
156 0.205054096869
157 0.205361656948
158 0.20524790185
159 0.205370083252
160 0.204969833833
161 0.204872931342
162 0.205003539047
163 0.204822373521
164 0.205003539047
165 0.204611715932
166 0.204923489164
167 0.205083588931
168 0.204792881459
169 0.204978260137
170 0.205113080994
171 0.205395362163
172 0.20510465469
173 0.204767602548
174 0.205134146753
175 0.204885570798
176 0.204877144494
177 0.204695978968
