1 0.310945273632
2 0.328358208955
3 0.290404040404
4 0.255639097744
5 0.179624664879
6 0.209844559585
7 0.193717277487
8 0.185863874346
9 0.183510638298
10 0.181818181818
11 0.192
12 0.187989556136
13 0.16577540107
14 0.171957671958
15 0.152588555858
16 0.178947368421
17 0.207446808511
18 0.190600522193
19 0.166219839142
20 0.187989556136
21 0.18253968254
22 0.154471544715
23 0.157608695652
24 0.178477690289
25 0.173228346457
26 0.182058047493
27 0.154471544715
28 0.19794344473
29 0.204188481675
30 0.192207792208
31 0.164864864865
32 0.175531914894
33 0.204603580563
34 0.189119170984
35 0.14404432133
36 0.206106870229
37 0.184895833333
38 0.192207792208
39 0.194300518135
40 0.160857908847
41 0.194805194805
42 0.166219839142
43 0.197435897436
44 0.182291666667
45 0.149863760218
46 0.172872340426
47 0.182291666667
48 0.192802056555
49 0.16577540107
50 0.172872340426
51 0.164420485175
52 0.174603174603
53 0.160326086957
54 0.149863760218
55 0.185863874346
56 0.179419525066
57 0.159891598916
58 0.174603174603
59 0.198979591837
60 0.159459459459
61 0.181578947368
62 0.159891598916
63 0.162601626016
64 0.159029649596
65 0.0911458333333
66 0.112
67 0.166666666667
68 0.157608695652
69 0.172872340426
70 0.172413793103
71 0.153005464481
72 0.171503957784
73 0.174603174603
74 0.188630490956
75 0.184210526316
76 0.1875
77 0.207594936709
78 0.170666666667
79 0.197435897436
80 0.192307692308
81 0.178947368421
82 0.163538873995
83 0.210659898477
84 0.16890080429
85 0.156756756757
86 0.166666666667
87 0.181578947368
88 0.185378590078
89 0.182767624021
90 0.176781002639
91 0.160857908847
92 0.157181571816
93 0.171957671958
94 0.150684931507
95 0.212121212121
96 0.183937823834
97 0.209068010076
98 0.196382428941
99 0.177248677249
100 0.185863874346
101 0.185378590078
102 0.174603174603
103 0.150273224044
104 0.159029649596
105 0.14010989011
106 0.160857908847
107 0.153638814016
108 0.152588555858
109 0.152588555858
110 0.172413793103
111 0.184895833333
112 0.182058047493
113 0.181102362205
114 0.16935483871
115 0.178947368421
116 0.189119170984
117 0.157608695652
118 0.170666666667
119 0.168
120 0.171957671958
121 0.16976127321
122 0.206632653061
123 0.185567010309
124 0.190721649485
125 0.1875
126 0.170212765957
127 0.171503957784
128 0.198453608247
129 0.173684210526
130 0.183727034121
131 0.167115902965
132 0.180628272251
133 0.176781002639
134 0.177248677249
135 0.161290322581
136 0.173796791444
137 0.156334231806
138 0.149863760218
139 0.162162162162
140 0.165333333333
141 0.184696569921
142 0.166219839142
143 0.194871794872
144 0.175853018373
145 0.191815856777
146 0.182767624021
147 0.152588555858
148 0.160857908847
149 0.145205479452
150 0.185863874346
151 0.179894179894
152 0.183246073298
153 0.193298969072
154 0.180156657963
155 0.147540983607
156 0.161725067385
157 0.187989556136
158 0.150273224044
159 0.147138964578
160 0.161290322581
161 0.172413793103
162 0.180628272251
163 0.171957671958
164 0.147138964578
165 0.152588555858
166 0.159459459459
167 0.164893617021
168 0.188144329897
169 0.206632653061
170 0.18961038961
171 0.135359116022
172 0.175066312997
173 0.167553191489
174 0.161725067385
175 0.147540983607
176 0.147540983607
177 0.152588555858
178 0.187012987013
179 0.209595959596
