1 0.31
2 0.324189526185
3 0.240506329114
4 0.0176322418136
5 0.0201511335013
6 0.0248756218905
7 0.0150753768844
8 0.01
9 0.0124688279302
10 0.00502512562814
11 0.0125628140704
12 0.0149625935162
13 0.00751879699248
14 0.00753768844221
15 0.0075
16 0.0251889168766
17 0.00755667506297
18 0.00759493670886
19 0.0125628140704
20 0.0199501246883
21 0.0250626566416
22 0.0175879396985
23 0.00997506234414
24 0.0201005025126
25 0.014888337469
26 0.0100755667506
27 0.02
28 0.0175879396985
29 0.0150753768844
30 0.0250626566416
31 0.00505050505051
32 0.0226130653266
33 0.0100502512563
34 0.00755667506297
35 0.0125628140704
36 0.0125313283208
37 0.0125944584383
38 0.0125313283208
39 0.01
40 0.01
41 0.010101010101
42 0.0399002493766
43 0.0151133501259
44 0.0125
45 0.00507614213198
46 0.01
47 0.00502512562814
48 0.00746268656716
49 0.0125313283208
50 0.0175438596491
51 0.00751879699248
52 0.015037593985
53 0.0176322418136
54 0.00997506234414
55 0.0100502512563
56 0.015037593985
57 0.0175
58 0.0175
59 0.0126582278481
60 0.01
61 0.0100502512563
62 0.00501253132832
63 0.00755667506297
64 0.01
65 0.00751879699248
66 0.0175
67 0.00751879699248
68 0.0101265822785
69 0.015037593985
70 0.0100755667506
71 0.00753768844221
72 0.0100502512563
73 0.01
74 0.0125313283208
75 0.010101010101
76 0.0125
77 0.0100502512563
78 0.0175879396985
79 0.0124688279302
80 0.0856423173804
81 0.02
82 0.00753768844221
83 0.00753768844221
84 0.00503778337531
85 0.0125628140704
86 0.0175438596491
87 0.00755667506297
88 0.00755667506297
89 0.0174563591022
90 0.015
91 0.00753768844221
92 0.00751879699248
93 0.0100502512563
94 0.0124688279302
95 0.00501253132832
96 0.0100250626566
97 0.00502512562814
98 0.0125944584383
99 0.01
100 0.00751879699248
101 0.0075
102 0.0124688279302
103 0.0100250626566
104 0.0175879396985
105 0.0100502512563
106 0.0125
107 0.015
108 0.00755667506297
109 0.00755667506297
110 0.0075
111 0.00753768844221
112 0.0075
113 0.00502512562814
114 0.00997506234414
115 0.0100250626566
116 0.00503778337531
117 0.0100755667506
118 0.00751879699248
119 0.00502512562814
120 0.00753768844221
121 0.0124688279302
122 0.0125313283208
123 0.0125
124 0.0
125 0.0149625935162
126 0.00751879699248
127 0.0100502512563
128 0.0125
129 0.0100755667506
130 0.00251256281407
131 0.0125313283208
132 0.0075
133 0.0176322418136
134 0.0126262626263
135 0.0100250626566
136 0.00753768844221
137 0.0100250626566
138 0.0174563591022
139 0.0100250626566
140 0.0174129353234
141 0.0100250626566
142 0.010101010101
143 0.01
144 0.0100502512563
145 0.0173697270471
146 0.00503778337531
147 0.00502512562814
148 0.0149625935162
149 0.0125628140704
150 0.00501253132832
151 0.0100502512563
152 0.00751879699248
153 0.00751879699248
154 0.00502512562814
155 0.0150753768844
156 0.00997506234414
157 0.015
158 0.0100502512563
159 0.0100250626566
160 0.00502512562814
161 0.00751879699248
162 0.0074812967581
163 0.00502512562814
164 0.00503778337531
165 0.0125
166 0.0100250626566
167 0.0100502512563
168 0.00505050505051
169 0.0222772277228
170 0.00753768844221
171 0.0100502512563
172 0.01
173 0.00753768844221
174 0.00753768844221
175 0.0124688279302
176 0.00501253132832
177 0.0100250626566
178 0.0125313283208
179 0.01
