1 0.316708229426
2 0.224438902743
3 0.300248138958
4 0.062656641604
5 0.0301507537688
6 0.0175
7 0.0100755667506
8 0.00751879699248
9 0.00751879699248
10 0.00751879699248
11 0.0075
12 0.0125628140704
13 0.0075
14 0.00502512562814
15 0.01
16 0.015037593985
17 0.0125944584383
18 0.015037593985
19 0.0226700251889
20 0.00751879699248
21 0.0226130653266
22 0.0100755667506
23 0.0075
24 0.0150753768844
25 0.0100502512563
26 0.0124688279302
27 0.0126262626263
28 0.0125313283208
29 0.0151133501259
30 0.0176322418136
31 0.0100250626566
32 0.0100502512563
33 0.00757575757576
34 0.01
35 0.0125313283208
36 0.0175438596491
37 0.0250626566416
38 0.00502512562814
39 0.00753768844221
40 0.01
41 0.0074812967581
42 0.0228426395939
43 0.0226700251889
44 0.00751879699248
45 0.0125944584383
46 0.00501253132832
47 0.0075
48 0.00502512562814
49 0.00505050505051
50 0.0125313283208
51 0.01
52 0.0125313283208
53 0.0175879396985
54 0.00997506234414
55 0.00753768844221
56 0.0226130653266
57 0.0125313283208
58 0.0100755667506
59 0.015037593985
60 0.0125628140704
61 0.015037593985
62 0.005
63 0.00755667506297
64 0.01
65 0.00502512562814
66 0.0100250626566
67 0.01
68 0.0125313283208
69 0.00755667506297
70 0.0175879396985
71 0.0124688279302
72 0.00502512562814
73 0.0100250626566
74 0.0199004975124
75 0.0100755667506
76 0.00751879699248
77 0.0100502512563
78 0.0100250626566
79 0.0175879396985
80 0.0577889447236
81 0.0175
82 0.00755667506297
83 0.00751879699248
84 0.00753768844221
85 0.0125944584383
86 0.00755667506297
87 0.00501253132832
88 0.015037593985
89 0.0125628140704
90 0.0149253731343
91 0.00503778337531
92 0.00755667506297
93 0.01
94 0.00502512562814
95 0.0100250626566
96 0.0100250626566
97 0.00502512562814
98 0.0124688279302
99 0.0100755667506
100 0.0075
101 0.0075
102 0.0198511166253
103 0.0100502512563
104 0.0150753768844
105 0.0124688279302
106 0.0125944584383
107 0.0075
108 0.0125944584383
109 0.0199004975124
110 0.00501253132832
111 0.0100502512563
112 0.0075
113 0.01
114 0.005
115 0.00253164556962
116 0.0174563591022
117 0.0199004975124
118 0.0075
119 0.00751879699248
120 0.0100502512563
121 0.00501253132832
122 0.0100502512563
123 0.00757575757576
124 0.00498753117207
125 0.0125313283208
126 0.0075
127 0.0125313283208
128 0.0125313283208
129 0.0150753768844
130 0.0074812967581
131 0.00753768844221
132 0.00502512562814
133 0.0201511335013
134 0.0200501253133
135 0.0125313283208
136 0.00751879699248
137 0.0100502512563
138 0.015
139 0.0175
140 0.0125313283208
141 0.0124378109453
142 0.010101010101
143 0.0451127819549
144 0.0100755667506
145 0.00751879699248
146 0.0125
147 0.00751879699248
148 0.00755667506297
149 0.0100755667506
150 0.00501253132832
151 0.015
152 0.00751879699248
153 0.00753768844221
154 0.00501253132832
155 0.0125
156 0.00502512562814
157 0.0100502512563
158 0.0125313283208
159 0.00502512562814
160 0.01
161 0.00751879699248
162 0.0075
163 0.00997506234414
164 0.00751879699248
165 0.00757575757576
166 0.00505050505051
167 0.00501253132832
168 0.00755667506297
169 0.015
170 0.00751879699248
171 0.00502512562814
172 0.0125313283208
173 0.00751879699248
174 0.00502512562814
175 0.00502512562814
176 0.0124688279302
177 0.00503778337531
178 0.0124688279302
179 0.0125313283208
