1 0.31421446384
2 0.31234256927
3 0.286432160804
4 0.0125628140704
5 0.015037593985
6 0.015
7 0.0250626566416
8 0.0075
9 0.005
10 0.0150753768844
11 0.0399002493766
12 0.0075
13 0.00751879699248
14 0.014888337469
15 0.010101010101
16 0.0174563591022
17 0.0327455919395
18 0.0225
19 0.0125944584383
20 0.03
21 0.0658227848101
22 0.0300751879699
23 0.0251256281407
24 0.0125
25 0.0151133501259
26 0.015
27 0.0199501246883
28 0.0251256281407
29 0.00751879699248
30 0.0252525252525
31 0.015
32 0.0125944584383
33 0.0701754385965
34 0.0250626566416
35 0.0100502512563
36 0.00751879699248
37 0.0226130653266
38 0.00995024875622
39 0.0125628140704
40 0.0125944584383
41 0.00997506234414
42 0.00997506234414
43 0.0125628140704
44 0.0251256281407
45 0.0176322418136
46 0.010101010101
47 0.02
48 0.015
49 0.0100502512563
50 0.00501253132832
51 0.00753768844221
52 0.0075
53 0.0125628140704
54 0.0149625935162
55 0.0226130653266
56 0.01
57 0.0126582278481
58 0.0175
59 0.00502512562814
60 0.015037593985
61 0.0125628140704
62 0.005
63 0.00252525252525
64 0.005
65 0.0124688279302
66 0.00997506234414
67 0.0075
68 0.01
69 0.00755667506297
70 0.015
71 0.00755667506297
72 0.0100250626566
73 0.0150753768844
74 0.0125
75 0.025
76 0.0125628140704
77 0.0175879396985
78 0.0100755667506
79 0.0075
80 0.0125
81 0.0124378109453
82 0.025
83 0.015
84 0.0075
85 0.0198511166253
86 0.00502512562814
87 0.0125
88 0.015
89 0.005
90 0.0100502512563
91 0.0125
92 0.0075
93 0.00501253132832
94 0.00502512562814
95 0.015037593985
96 0.015
97 0.0100250626566
98 0.0200501253133
99 0.0125
100 0.0200501253133
101 0.00746268656716
102 0.0175879396985
103 0.0100502512563
104 0.00502512562814
105 0.0175
106 0.0125944584383
107 0.0151133501259
108 0.00751879699248
109 0.0175438596491
110 0.00501253132832
111 0.0226130653266
112 0.0174563591022
113 0.005
114 0.00502512562814
115 0.015
116 0.00502512562814
117 0.02
118 0.01
119 0.0225
120 0.0100755667506
121 0.00751879699248
122 0.0198511166253
123 0.00251889168766
124 0.005
125 0.0177215189873
126 0.0199004975124
127 0.00501253132832
128 0.0125313283208
129 0.015037593985
130 0.0125
131 0.00503778337531
132 0.0075
133 0.0075
134 0.0124378109453
135 0.00997506234414
136 0.0074812967581
137 0.00501253132832
138 0.0124378109453
139 0.0100502512563
140 0.0151133501259
141 0.00502512562814
142 0.0125313283208
143 0.0125628140704
144 0.0074812967581
145 0.0074812967581
146 0.0125628140704
147 0.0174129353234
148 0.00751879699248
149 0.0100502512563
150 0.0125944584383
151 0.0151133501259
152 0.015
153 0.0175879396985
154 0.00751879699248
155 0.0199501246883
156 0.0277078085642
157 0.029776674938
158 0.0100502512563
159 0.0125944584383
160 0.0126262626263
161 0.01
162 0.0175438596491
163 0.0075
164 0.0175
165 0.0125
166 0.00502512562814
167 0.01
168 0.0175879396985
169 0.00995024875622
170 0.0251889168766
171 0.00755667506297
172 0.0175438596491
173 0.01
174 0.0075
175 0.0201005025126
176 0.00751879699248
177 0.0075
178 0.00503778337531
179 0.0125
