1 0.14947841181
2 0.155785500017
3 0.161578583707
4 0.1629857764
5 0.164485658431
6 0.165134483805
7 0.165197681081
8 0.165446257036
9 0.165631635714
10 0.165420978125
11 0.165206107385
12 0.165370420304
13 0.165252452054
14 0.165239812599
15 0.164898547305
16 0.165138696956
17 0.165614783107
18 0.165825440696
19 0.165665340928
20 0.165530520071
21 0.165319862483
22 0.165530520071
23 0.165661127776
24 0.165610569955
25 0.165766456571
26 0.165850719606
27 0.16552630692
28 0.165475749098
29 0.16585914591
30 0.165892851124
31 0.165854932758
32 0.165686406687
33 0.165585291045
34 0.165471535947
35 0.165656914625
36 0.16600239307
37 0.166293100543
38 0.166415281944
39 0.166390003033
40 0.166415281944
41 0.166390003033
42 0.166415281944
43 0.166213050659
44 0.166187771748
45 0.166128787623
46 0.166128787623
47 0.166090869257
48 0.166162492838
49 0.166356297819
50 0.165867572213
51 0.166196198052
52 0.165875998517
53 0.165484175402
54 0.16604873774
55 0.165821227544
56 0.165867572213
57 0.165791735481
58 0.165884424821
59 0.165947622097
60 0.166023458829
61 0.165875998517
62 0.165892851124
63 0.166095082409
64 0.166086656106
65 0.165694832991
66 0.165661127776
67 0.165463109643
68 0.166234116418
69 0.165783309178
70 0.165732751357
71 0.166647005292
72 0.166604873774
73 0.166213050659
74 0.165880211669
75 0.165892851124
76 0.166149853382
77 0.166486905524
78 0.166529037042
79 0.16638157673
80 0.166356297819
81 0.166356297819
82 0.166331018909
83 0.166031885133
84 0.165964474704
85 0.165867572213
86 0.165745390812
87 0.165699046142
88 0.165602143652
89 0.165665340928
90 0.165677980384
91 0.166052950892
92 0.16604873774
93 0.166613300078
94 0.165791735481
95 0.166057164043
96 0.165897064276
97 0.165871785365
98 0.166255182177
99 0.16593076949
100 0.166272034784
101 0.1661919849
102 0.166352084667
103 0.16633523206
104 0.166457413462
105 0.166288887391
106 0.166385789882
107 0.166356297819
108 0.166743907783
109 0.166390003033
110 0.166385789882
111 0.16600239307
112 0.166503758131
113 0.166031885133
114 0.166010819374
115 0.166326805757
116 0.16607401665
117 0.16630995315
118 0.166229903266
119 0.166099295561
120 0.166276247936
121 0.166057164043
122 0.166107721865
123 0.166078229802
124 0.166044524588
125 0.166196198052
126 0.166170919141
127 0.166061377195
128 0.166916647005
129 0.16721156763
130 0.166621726381
131 0.166566955408
132 0.16578752233
133 0.166023458829
134 0.166154066534
135 0.166170919141
136 0.166154066534
137 0.16607401665
138 0.166204624355
139 0.165791735481
140 0.165758030267
141 0.165998179918
142 0.166187771748
143 0.165770669723
144 0.166036098284
145 0.165770669723
146 0.165909703731
147 0.166031885133
148 0.166533250194
149 0.166735481479
150 0.166971417978
151 0.166668071051
152 0.166491118676
153 0.16612036132
154 0.166036098284
155 0.166183558597
156 0.166015032526
157 0.166149853382
158 0.16645320031
159 0.166145640231
160 0.166356297819
161 0.166697563113
162 0.166512184435
163 0.16638157673
164 0.166293100543
165 0.166301526846
166 0.166331018909
167 0.165745390812
168 0.166486905524
169 0.166625939533
170 0.166360510971
171 0.166402642489
172 0.166200411204
173 0.166356297819
174 0.166179345445
175 0.166406855641
176 0.166305739998
