1 0.188753412653
2 0.195060500859
3 0.200693484782
4 0.20218494051
5 0.20261046884
6 0.202977013044
7 0.203006505106
8 0.203035997169
9 0.202720010786
10 0.20287168425
11 0.20261046884
12 0.202715797634
13 0.20263574775
14 0.202816913276
15 0.202378745492
16 0.202795847518
17 0.203516296471
18 0.203811217095
19 0.204160908693
20 0.203819643399
21 0.203967103711
22 0.2039418248
23 0.203836496006
24 0.20391654589
25 0.204160908693
26 0.203996595773
27 0.203946037952
28 0.203689035694
29 0.203566854292
30 0.203760659274
31 0.2041777613
32 0.204127203478
33 0.204148269237
34 0.204047153595
35 0.203836496006
36 0.203777511881
37 0.20375223297
38 0.203444672891
39 0.20365533048
40 0.20401344838
41 0.203992382622
42 0.204333647915
43 0.204523239745
44 0.204544305504
45 0.204451616165
46 0.204186187603
47 0.203983956318
48 0.204047153595
49 0.203836496006
50 0.20420304021
51 0.203895480131
52 0.2041777613
53 0.204160908693
54 0.204072432505
55 0.204422124103
56 0.20443897671
57 0.204578010718
58 0.204228319121
59 0.203887053827
60 0.204358926826
61 0.204805520914
62 0.204603289629
63 0.204544305504
64 0.204691765816
65 0.204813947218
66 0.204603289629
67 0.204519026593
68 0.204329434764
69 0.204430550406
70 0.204055579898
71 0.204021874684
72 0.20391654589
73 0.204055579898
74 0.203861774917
75 0.20436735313
76 0.204552731808
77 0.204042940443
78 0.204240958576
79 0.203895480131
80 0.204047153595
81 0.20446425562
82 0.204253598032
83 0.203933398497
84 0.204152482389
85 0.204447403013
86 0.204910849708
87 0.205041457413
88 0.204813947218
89 0.204683339513
90 0.204780242003
91 0.204455829317
92 0.204620142236
93 0.204569584415
94 0.20462856854
95 0.204691765816
96 0.204717044727
97 0.204641207995
98 0.204717044727
99 0.204813947218
100 0.204754963093
101 0.204569584415
102 0.204611715932
103 0.204708618423
104 0.204636994843
105 0.204594863325
106 0.20470019212
107 0.204839226128
108 0.204780242003
109 0.204754963093
110 0.204830799825
111 0.204906636557
112 0.204569584415
113 0.204662273754
114 0.204805520914
115 0.205117294145
116 0.204936128619
117 0.204645421147
118 0.204565371263
119 0.204573797566
120 0.204936128619
121 0.204548518656
122 0.204544305504
123 0.20446425562
124 0.204358926826
125 0.204658060602
126 0.204295729549
127 0.203946037952
128 0.204489534531
129 0.204780242003
130 0.204822373521
131 0.204165121844
132 0.204674913209
133 0.204544305504
134 0.204514813442
135 0.204519026593
136 0.20465384745
137 0.204455829317
138 0.204805520914
139 0.204839226128
140 0.204674913209
141 0.204649634298
142 0.204813947218
143 0.204460042469
144 0.204594863325
145 0.204422124103
146 0.204611715932
147 0.204552731808
148 0.204944554923
149 0.204780242003
150 0.20446425562
151 0.204358926826
152 0.20446425562
153 0.204679126361
154 0.20458222387
155 0.204569584415
156 0.204674913209
157 0.204649634298
158 0.20472547103
159 0.204839226128
160 0.20496140753
161 0.204910849708
162 0.204691765816
163 0.204620142236
164 0.204750749941
165 0.204805520914
166 0.204763389396
167 0.204645421147
168 0.204742323637
169 0.204776028852
170 0.204952981226
171 0.204952981226
172 0.204822373521
173 0.204472681924
174 0.204776028852
175 0.204839226128
176 0.204805520914
177 0.204910849708
