1 0.0925713707911
2 0.102396440729
3 0.109415551586
4 0.116084970845
5 0.117580639725
6 0.119131079578
7 0.119493410631
8 0.120079038727
9 0.120146449156
10 0.120201220129
11 0.120079038727
12 0.120070612424
13 0.120015841451
14 0.120226499039
15 0.120142236004
16 0.120197006977
17 0.120306548923
18 0.120205433281
19 0.120091678183
20 0.120083251879
21 0.119754626041
22 0.120142236004
23 0.120378172503
24 0.120357106744
25 0.12044136978
26 0.120226499039
27 0.119885233746
28 0.119973709933
29 0.119859954835
30 0.119809397014
31 0.120319188378
32 0.120024267754
33 0.120150662307
34 0.120567764333
35 0.120226499039
36 0.120213859584
37 0.120470861842
38 0.120306548923
39 0.120188580673
40 0.120260204254
41 0.120357106744
42 0.120041120361
43 0.120015841451
44 0.119893660049
45 0.119893660049
46 0.119914725808
47 0.119763052344
48 0.120230712191
49 0.120015841451
50 0.120226499039
51 0.119674576157
52 0.120310762075
53 0.120272843709
54 0.120277056861
55 0.120479288146
56 0.120234925343
57 0.120331827834
58 0.119893660049
59 0.120281270012
60 0.120121170245
61 0.120053759817
62 0.120079038727
63 0.120079038727
64 0.12077420877
65 0.120593043244
66 0.120534059119
67 0.119977923085
68 0.11991893896
69 0.120049546665
70 0.120175941218
71 0.120272843709
72 0.120218072736
73 0.119944217871
74 0.120053759817
75 0.119914725808
76 0.119923152112
77 0.119805183862
78 0.120146449156
79 0.120281270012
80 0.120226499039
81 0.119977923085
82 0.120487714449
83 0.120184367522
84 0.120015841451
85 0.120260204254
86 0.120723650949
87 0.120580403788
88 0.12044136978
89 0.120698372038
90 0.120407664566
91 0.120138022852
92 0.120201220129
93 0.120593043244
94 0.120416090869
95 0.120365533048
96 0.120382385655
97 0.120470861842
98 0.120352893593
99 0.120567764333
100 0.120593043244
101 0.120390811959
102 0.120331827834
103 0.120201220129
104 0.120150662307
105 0.120121170245
106 0.12029812262
107 0.120407664566
108 0.120268630557
109 0.119885233746
110 0.119716707675
111 0.11984731538
112 0.119931578415
113 0.120209646432
114 0.11968300246
115 0.120070612424
116 0.120049546665
117 0.120470861842
118 0.12025177795
119 0.120095891334
120 0.120171728066
121 0.120277056861
122 0.12058461694
123 0.120289696316
124 0.119998988844
125 0.119813610165
126 0.120306548923
127 0.120239138495
128 0.119906299505
129 0.120462435539
130 0.120154875459
131 0.120373959352
132 0.120121170245
133 0.120437156628
134 0.120146449156
135 0.12063096161
136 0.120197006977
137 0.120159088611
138 0.120470861842
139 0.120445582932
140 0.120504567057
141 0.120643601065
142 0.120340254137
143 0.120340254137
144 0.120277056861
145 0.119779904951
146 0.120487714449
147 0.12010853079
148 0.120521419664
149 0.120239138495
150 0.120175941218
151 0.120643601065
152 0.12051299336
153 0.120782635074
154 0.120277056861
155 0.120226499039
156 0.120420304021
157 0.120542485422
158 0.120567764333
159 0.12032340153
160 0.120277056861
161 0.120125383397
162 0.120462435539
163 0.120205433281
164 0.119944217871
165 0.120213859584
166 0.120660453672
167 0.120104317638
168 0.120694158886
169 0.120150662307
170 0.120314975227
171 0.120281270012
172 0.120437156628
173 0.120546698574
174 0.120411877717
175 0.120319188378
176 0.120112743941
