1 0.311720698254
2 0.319201995012
3 0.25313283208
4 0.035
5 0.0530303030303
6 0.0301507537688
7 0.0276381909548
8 0.0277078085642
9 0.0707070707071
10 0.0477386934673
11 0.0348258706468
12 0.0100250626566
13 0.0354430379747
14 0.015037593985
15 0.0204081632653
16 0.0535714285714
17 0.03
18 0.0124378109453
19 0.00753768844221
20 0.0227272727273
21 0.0175438596491
22 0.0225563909774
23 0.0452261306533
24 0.0150753768844
25 0.00757575757576
26 0.0226700251889
27 0.025
28 0.0451127819549
29 0.077694235589
30 0.0175879396985
31 0.0125628140704
32 0.0100250626566
33 0.0675
34 0.0352644836272
35 0.035
36 0.0199501246883
37 0.0205128205128
38 0.00755667506297
39 0.0325814536341
40 0.0426065162907
41 0.00751879699248
42 0.0226700251889
43 0.0125944584383
44 0.0325814536341
45 0.00753768844221
46 0.0303797468354
47 0.0125628140704
48 0.0327455919395
49 0.00763358778626
50 0.0376884422111
51 0.0253807106599
52 0.0151515151515
53 0.0225563909774
54 0.0302267002519
55 0.0125944584383
56 0.0125
57 0.0100250626566
58 0.0225563909774
59 0.0176322418136
60 0.0177215189873
61 0.00502512562814
62 0.030303030303
63 0.0175879396985
64 0.010101010101
65 0.00502512562814
66 0.010101010101
67 0.0150753768844
68 0.0250626566416
69 0.0175879396985
70 0.00753768844221
71 0.02
72 0.0174563591022
73 0.015
74 0.0203045685279
75 0.0124688279302
76 0.0126582278481
77 0.0228426395939
78 0.015037593985
79 0.0253164556962
80 0.025
81 0.0178571428571
82 0.025
83 0.0151133501259
84 0.0124378109453
85 0.0306905370844
86 0.0175879396985
87 0.0125628140704
88 0.0125944584383
89 0.020202020202
90 0.0253807106599
91 0.0201511335013
92 0.0426065162907
93 0.0226700251889
94 0.0300751879699
95 0.00753768844221
96 0.015037593985
97 0.0127877237852
98 0.020202020202
99 0.0200501253133
100 0.030612244898
101 0.00251889168766
102 0.00505050505051
103 0.0125313283208
104 0.0125628140704
105 0.0227272727273
106 0.010101010101
107 0.0348258706468
108 0.0274314214464
109 0.0175
110 0.0177664974619
111 0.0278481012658
112 0.030303030303
113 0.030303030303
114 0.0100755667506
115 0.00757575757576
116 0.0249376558603
117 0.047619047619
118 0.0124688279302
119 0.0075
120 0.020202020202
121 0.0200501253133
122 0.0176322418136
123 0.030303030303
124 0.0328282828283
125 0.0224438902743
126 0.0176322418136
127 0.0226700251889
128 0.0149625935162
129 0.0175438596491
130 0.0250626566416
131 0.0252525252525
132 0.00751879699248
133 0.0126582278481
134 0.0275689223058
135 0.0199501246883
136 0.0354430379747
137 0.0349127182045
138 0.0176322418136
139 0.0204081632653
140 0.0251256281407
141 0.0125
142 0.0176767676768
143 0.0125313283208
144 0.0151898734177
145 0.0502512562814
146 0.0303797468354
147 0.0126262626263
148 0.0176322418136
149 0.0276381909548
150 0.0251256281407
151 0.015
152 0.0125944584383
153 0.0326633165829
154 0.0176322418136
155 0.0175
156 0.0175
157 0.00751879699248
158 0.0176322418136
159 0.0126262626263
160 0.0152671755725
161 0.0174129353234
162 0.0300751879699
163 0.00755667506297
164 0.02
165 0.00507614213198
166 0.0127226463104
167 0.0200501253133
168 0.0151133501259
169 0.0200501253133
170 0.00507614213198
171 0.0175438596491
172 0.0176322418136
173 0.0226130653266
174 0.0176767676768
175 0.0150753768844
176 0.0226130653266
177 0.0100755667506
178 0.0075
179 0.030534351145
