1 0.308270676692
2 0.313131313131
3 0.298469387755
4 0.193298969072
5 0.139240506329
6 0.299479166667
7 0.214285714286
8 0.152454780362
9 0.157480314961
10 0.153846153846
11 0.0936708860759
12 0.125
13 0.080604534005
14 0.161538461538
15 0.271540469974
16 0.174807197943
17 0.259162303665
18 0.231168831169
19 0.186842105263
20 0.232558139535
21 0.198952879581
22 0.108808290155
23 0.219638242894
24 0.231770833333
25 0.120104438642
26 0.16
27 0.158441558442
28 0.196286472149
29 0.213541666667
30 0.207547169811
31 0.163157894737
32 0.163212435233
33 0.105943152455
34 0.140625
35 0.0839694656489
36 0.102094240838
37 0.205333333333
38 0.149333333333
39 0.202631578947
40 0.174142480211
41 0.162234042553
42 0.227642276423
43 0.155844155844
44 0.112244897959
45 0.162303664921
46 0.0904392764858
47 0.152631578947
48 0.201072386059
49 0.154046997389
50 0.197297297297
51 0.181333333333
52 0.142480211082
53 0.146214099217
54 0.193298969072
55 0.1
56 0.147757255937
57 0.120512820513
58 0.116279069767
59 0.162234042553
60 0.0904392764858
61 0.1875
62 0.107969151671
63 0.158441558442
64 0.177083333333
65 0.175066312997
66 0.143979057592
67 0.0175438596491
68 0.198924731183
69 0.175531914894
70 0.154855643045
71 0.194225721785
72 0.14025974026
73 0.149484536082
74 0.20218579235
75 0.15649867374
76 0.093023255814
77 0.226666666667
78 0.219444444444
79 0.212938005391
80 0.191374663073
81 0.165333333333
82 0.201591511936
83 0.220207253886
84 0.130548302872
85 0.162729658793
86 0.282608695652
87 0.143979057592
88 0.134860050891
89 0.107611548556
90 0.235457063712
91 0.203125
92 0.224598930481
93 0.188172043011
94 0.25340599455
95 0.2175066313
96 0.170666666667
97 0.169312169312
98 0.159685863874
99 0.222527472527
100 0.178666666667
101 0.139037433155
102 0.179419525066
103 0.165816326531
104 0.281984334204
105 0.113636363636
106 0.209677419355
107 0.213114754098
108 0.161725067385
109 0.201612903226
110 0.180327868852
111 0.0874035989717
112 0.21832884097
113 0.145502645503
114 0.1834625323
115 0.168393782383
116 0.232
117 0.267195767196
118 0.0846153846154
119 0.0997442455243
120 0.214659685864
121 0.101781170483
122 0.121134020619
123 0.0739795918367
124 0.143222506394
125 0.210526315789
126 0.146153846154
127 0.166233766234
128 0.0962025316456
129 0.0763358778626
130 0.131105398458
131 0.200514138817
132 0.105398457584
133 0.2109375
134 0.233595800525
135 0.124352331606
136 0.189743589744
137 0.237196765499
138 0.146153846154
139 0.165374677003
140 0.162790697674
141 0.200527704485
142 0.161616161616
143 0.186351706037
144 0.120512820513
145 0.22192513369
146 0.165803108808
147 0.160857908847
148 0.159268929504
149 0.140540540541
150 0.0763358778626
151 0.116161616162
152 0.148051948052
153 0.159574468085
154 0.0831168831169
155 0.146153846154
156 0.162234042553
157 0.241192411924
158 0.133858267717
159 0.154255319149
160 0.145502645503
161 0.19414893617
162 0.165816326531
163 0.219072164948
164 0.105943152455
165 0.073417721519
166 0.107416879795
167 0.0994897959184
168 0.186351706037
169 0.150793650794
170 0.139037433155
171 0.132625994695
172 0.110256410256
173 0.210242587601
174 0.149606299213
175 0.233421750663
176 0.160621761658
177 0.145780051151
178 0.19414893617
179 0.162303664921
