1 0.297229219144
2 0.326732673267
3 0.276381909548
4 0.0100250626566
5 0.0249376558603
6 0.0100755667506
7 0.00503778337531
8 0.00751879699248
9 0.01
10 0.00501253132832
11 0.00503778337531
12 0.0125313283208
13 0.00502512562814
14 0.00997506234414
15 0.015037593985
16 0.00501253132832
17 0.00753768844221
18 0.00501253132832
19 0.0100250626566
20 0.00753768844221
21 0.00755667506297
22 0.0149253731343
23 0.00751879699248
24 0.00753768844221
25 0.00751879699248
26 0.0100250626566
27 0.005
28 0.00503778337531
29 0.01
30 0.0126262626263
31 0.0151133501259
32 0.00753768844221
33 0.005
34 0.00501253132832
35 0.00759493670886
36 0.00997506234414
37 0.00751879699248
38 0.00502512562814
39 0.00503778337531
40 0.0125313283208
41 0.0175879396985
42 0.00502512562814
43 0.0075
44 0.00753768844221
45 0.00505050505051
46 0.0199004975124
47 0.0075
48 0.0100250626566
49 0.00503778337531
50 0.01
51 0.00751879699248
52 0.00755667506297
53 0.0125313283208
54 0.00751879699248
55 0.005
56 0.0225563909774
57 0.015
58 0.00502512562814
59 0.0124688279302
60 0.00501253132832
61 0.01
62 0.0176322418136
63 0.00751879699248
64 0.00751879699248
65 0.0125628140704
66 0.01
67 0.0125313283208
68 0.0100502512563
69 0.00502512562814
70 0.00502512562814
71 0.00751879699248
72 0.0125
73 0.0125944584383
74 0.0150753768844
75 0.00751879699248
76 0.0100250626566
77 0.0125
78 0.0125628140704
79 0.0124688279302
80 0.0074812967581
81 0.0124378109453
82 0.00251889168766
83 0.01
84 0.0173697270471
85 0.0175438596491
86 0.00751879699248
87 0.00751879699248
88 0.0125
89 0.00997506234414
90 0.00751879699248
91 0.00503778337531
92 0.005
93 0.01
94 0.00753768844221
95 0.00997506234414
96 0.00501253132832
97 0.0124378109453
98 0.00502512562814
99 0.00755667506297
100 0.0125
101 0.00501253132832
102 0.0100755667506
103 0.00753768844221
104 0.01
105 0.0100250626566
106 0.0075
107 0.00502512562814
108 0.00502512562814
109 0.00503778337531
110 0.01
111 0.00753768844221
112 0.00755667506297
113 0.00753768844221
114 0.00502512562814
115 0.00751879699248
116 0.00751879699248
117 0.0075
118 0.00751879699248
119 0.00997506234414
120 0.0100250626566
121 0.00506329113924
122 0.00501253132832
123 0.0100250626566
124 0.0074812967581
125 0.00751879699248
126 0.00251889168766
127 0.00997506234414
128 0.00755667506297
129 0.01
130 0.00751879699248
131 0.0075
132 0.00757575757576
133 0.00503778337531
134 0.0125628140704
135 0.00251889168766
136 0.00751879699248
137 0.00753768844221
138 0.0100250626566
139 0.0100250626566
140 0.0125944584383
141 0.0075
142 0.0378787878788
143 0.0125628140704
144 0.00252525252525
145 0.015037593985
146 0.0149253731343
147 0.00502512562814
148 0.00995024875622
149 0.00505050505051
150 0.00502512562814
151 0.00997506234414
152 0.00753768844221
153 0.00502512562814
154 0.00751879699248
155 0.014888337469
156 0.00502512562814
157 0.0075
158 0.00501253132832
159 0.0075
160 0.00751879699248
161 0.00502512562814
162 0.0125
163 0.00503778337531
164 0.00501253132832
165 0.01
166 0.0124378109453
167 0.00997506234414
168 0.0100502512563
169 0.00751879699248
170 0.0125944584383
171 0.0149625935162
172 0.01
173 0.0124378109453
174 0.0100502512563
175 0.01
176 0.01
177 0.0100250626566
178 0.0100250626566
179 0.01
