1 0.142160167178
2 0.14866948667
3 0.155233577134
4 0.158203849135
5 0.159004347973
6 0.160938184637
7 0.161190973744
8 0.16118254744
9 0.161338434056
10 0.161313155145
11 0.161313155145
12 0.161860864876
13 0.161835585965
14 0.161519599582
15 0.163402878425
16 0.163491354613
17 0.163179581381
18 0.163158515622
19 0.163040547373
20 0.163672520139
21 0.163933735549
22 0.163874751424
23 0.163714651657
24 0.163680946442
25 0.163145876167
26 0.163091105194
27 0.163428157336
28 0.163562978193
29 0.163803127844
30 0.163647241228
31 0.163360746908
32 0.163647241228
33 0.163925309245
34 0.163727291112
35 0.163516633523
36 0.163373386363
37 0.163499780916
38 0.164106474772
39 0.163828406755
40 0.163154302471
41 0.163478715157
42 0.163314402238
43 0.163238565506
44 0.163655667532
45 0.163689372746
46 0.163609322862
47 0.16353348613
48 0.163006842158
49 0.163040547373
50 0.163213286595
51 0.163558765041
52 0.163630388621
53 0.163672520139
54 0.164039064343
55 0.164321345512
56 0.163887390879
57 0.163706225353
58 0.163550338737
59 0.163419731032
60 0.16353348613
61 0.163554551889
62 0.163988506522
63 0.163760996326
64 0.16346186255
65 0.163440796791
66 0.163609322862
67 0.163445009943
68 0.163676733291
69 0.163188007685
70 0.163537699282
71 0.163609322862
72 0.163445009943
73 0.163377599515
74 0.163360746908
75 0.163116384105
76 0.16365145438
77 0.163752570023
78 0.163499780916
79 0.163664093835
80 0.163883177728
81 0.163571404496
82 0.163752570023
83 0.163314402238
84 0.163680946442
85 0.163407091577
86 0.163478715157
87 0.16331861539
88 0.163596683407
89 0.163592470255
90 0.16372307796
91 0.163874751424
92 0.163836833058
93 0.163710438505
94 0.163596683407
95 0.163824193603
96 0.163537699282
97 0.163487141461
98 0.163748356871
99 0.163832619906
100 0.163613536014
101 0.163419731032
102 0.163617749166
103 0.163554551889
104 0.163942161852
105 0.163929522397
106 0.163503994068
107 0.163554551889
108 0.163478715157
109 0.164085409013
110 0.163790488389
111 0.164186524655
112 0.163727291112
113 0.163878964576
114 0.163503994068
115 0.16369779905
116 0.163714651657
117 0.16436347703
118 0.163908456638
119 0.164186524655
120 0.164005359129
121 0.163457649398
122 0.163107957801
123 0.163478715157
124 0.163339681149
125 0.163798914692
126 0.163301762783
127 0.163752570023
128 0.164017998584
129 0.16376942263
130 0.163512420371
131 0.164148606289
132 0.164135966834
133 0.163845259362
134 0.163668306987
135 0.164022211736
136 0.163621962318
137 0.163887390879
138 0.163828406755
139 0.163478715157
140 0.16376942263
141 0.163824193603
142 0.164203377262
143 0.164409821699
144 0.164043277495
145 0.16410226162
146 0.163588257103
147 0.163364960059
148 0.163702012201
149 0.164043277495
150 0.163765209478
151 0.16365145438
152 0.163655667532
153 0.164034851191
154 0.163807340996
155 0.163525059827
156 0.16386632512
157 0.164405608548
158 0.16403063804
159 0.164085409013
160 0.163807340996
161 0.164186524655
162 0.163992719674
163 0.163179581381
164 0.163331254845
165 0.163411304729
166 0.163693585898
167 0.16372307796
168 0.163617749166
169 0.16386632512
170 0.164586774074
171 0.163836833058
172 0.163811554147
173 0.163048973676
174 0.163373386363
175 0.16365145438
