1 0.316049382716
2 0.319095477387
3 0.310344827586
4 0.26
5 0.0100250626566
6 0.00751879699248
7 0.0149625935162
8 0.014888337469
9 0.0100502512563
10 0.0124378109453
11 0.0174129353234
12 0.015
13 0.0100250626566
14 0.0124688279302
15 0.0100250626566
16 0.0198511166253
17 0.0100250626566
18 0.0100250626566
19 0.0173697270471
20 0.00753768844221
21 0.0125
22 0.00502512562814
23 0.0124688279302
24 0.0124688279302
25 0.01
26 0.01
27 0.01
28 0.0125
29 0.0100250626566
30 0.00997506234414
31 0.015
32 0.0124688279302
33 0.0124688279302
34 0.0100250626566
35 0.0124378109453
36 0.0125
37 0.0124688279302
38 0.0198511166253
39 0.014888337469
40 0.0100250626566
41 0.0075
42 0.01
43 0.01
44 0.00755667506297
45 0.0149253731343
46 0.01
47 0.0149253731343
48 0.0124378109453
49 0.0149625935162
50 0.0125
51 0.00997506234414
52 0.0125
53 0.00753768844221
54 0.0149253731343
55 0.0149253731343
56 0.0124378109453
57 0.0100250626566
58 0.0100250626566
59 0.0222222222222
60 0.01
61 0.01
62 0.00753768844221
63 0.00995024875622
64 0.01
65 0.01
66 0.01
67 0.0124688279302
68 0.0149625935162
69 0.00501253132832
70 0.0125
71 0.0173697270471
72 0.014888337469
73 0.0125313283208
74 0.0075
75 0.0149253731343
76 0.0100250626566
77 0.014888337469
78 0.0125
79 0.0100250626566
80 0.00997506234414
81 0.0124378109453
82 0.0125313283208
83 0.0124378109453
84 0.00503778337531
85 0.0124688279302
86 0.0125
87 0.0124378109453
88 0.01
89 0.0124688279302
90 0.01
91 0.0100502512563
92 0.0075
93 0.00751879699248
94 0.01
95 0.00753768844221
96 0.0100250626566
97 0.00995024875622
98 0.0100250626566
99 0.0149253731343
100 0.0100250626566
101 0.0173697270471
102 0.0149625935162
103 0.00997506234414
104 0.0100250626566
105 0.0125
106 0.01
107 0.0125
108 0.01
109 0.019801980198
110 0.00501253132832
111 0.0125
112 0.0149253731343
113 0.0174129353234
114 0.0124378109453
115 0.0125
116 0.01
117 0.0149253731343
118 0.0100250626566
119 0.0125
120 0.0124688279302
121 0.00503778337531
122 0.0100250626566
123 0.01
124 0.0124378109453
125 0.0149253731343
126 0.00502512562814
127 0.01
128 0.0075
129 0.0149625935162
130 0.00751879699248
131 0.00751879699248
132 0.0124688279302
133 0.0149253731343
134 0.0100502512563
135 0.0124378109453
136 0.00997506234414
137 0.0149625935162
138 0.0124688279302
139 0.00502512562814
140 0.0124688279302
141 0.0149625935162
142 0.0149625935162
143 0.0124688279302
144 0.014888337469
145 0.0125
146 0.0100250626566
147 0.00751879699248
148 0.01
149 0.0124378109453
150 0.0125
151 0.01
152 0.01
153 0.01
154 0.0149253731343
155 0.00753768844221
156 0.00997506234414
157 0.0125
158 0.00751879699248
159 0.0100250626566
160 0.01
161 0.0124688279302
162 0.014888337469
163 0.0125628140704
164 0.0124069478908
165 0.0100502512563
166 0.014888337469
167 0.0100250626566
168 0.01
169 0.0124688279302
170 0.01
171 0.0124688279302
172 0.0124688279302
173 0.00751879699248
174 0.0100502512563
175 0.0124378109453
176 0.0100250626566
177 0.0149253731343
178 0.01
179 0.0100250626566
