1 0.305418719212
2 0.316455696203
3 0.305555555556
4 0.367454068241
5 0.375
6 0.291005291005
7 0.301369863014
8 0.294117647059
9 0.29781420765
10 0.30081300813
11 0.303867403315
12 0.29781420765
13 0.283819628647
14 0.294117647059
15 0.294736842105
16 0.290322580645
17 0.27688172043
18 0.304469273743
19 0.29781420765
20 0.282258064516
21 0.291553133515
22 0.303867403315
23 0.305084745763
24 0.29781420765
25 0.282967032967
26 0.308539944904
27 0.294429708223
28 0.266304347826
29 0.293150684932
30 0.29810298103
31 0.295081967213
32 0.309782608696
33 0.28418230563
34 0.293150684932
35 0.295081967213
36 0.281914893617
37 0.274193548387
38 0.30303030303
39 0.296089385475
40 0.305322128852
41 0.283783783784
42 0.301369863014
43 0.285714285714
44 0.288828337875
45 0.276422764228
46 0.286096256684
47 0.287634408602
48 0.297002724796
49 0.288461538462
50 0.30081300813
51 0.270491803279
52 0.304469273743
53 0.30985915493
54 0.293628808864
55 0.286472148541
56 0.301630434783
57 0.286103542234
58 0.296703296703
59 0.290760869565
60 0.28418230563
61 0.281842818428
62 0.296398891967
63 0.289189189189
64 0.296495956873
65 0.296195652174
66 0.284960422164
67 0.295081967213
68 0.285333333333
69 0.282666666667
70 0.298666666667
71 0.277777777778
72 0.292479108635
73 0.315217391304
74 0.29539295393
75 0.293628808864
76 0.275675675676
77 0.292011019284
78 0.285333333333
79 0.288713910761
80 0.285340314136
81 0.281081081081
82 0.275401069519
83 0.290322580645
84 0.294444444444
85 0.298666666667
86 0.3
87 0.285714285714
88 0.295890410959
89 0.283783783784
90 0.300268096515
91 0.28453038674
92 0.291891891892
93 0.286486486486
94 0.283783783784
95 0.290666666667
96 0.293010752688
97 0.290666666667
98 0.275204359673
99 0.281167108753
100 0.300275482094
101 0.287262872629
102 0.282191780822
103 0.284931506849
104 0.276595744681
105 0.27868852459
106 0.285318559557
107 0.299450549451
108 0.287634408602
109 0.288409703504
110 0.291105121294
111 0.301587301587
112 0.289617486339
113 0.292225201072
114 0.298387096774
115 0.285714285714
116 0.297520661157
117 0.304469273743
118 0.304109589041
119 0.300268096515
120 0.27345844504
121 0.281420765027
122 0.280423280423
123 0.286863270777
124 0.295212765957
125 0.288828337875
126 0.28650137741
127 0.297520661157
128 0.314814814815
129 0.286096256684
130 0.28453038674
131 0.298387096774
132 0.290055248619
133 0.304109589041
134 0.276139410188
135 0.276422764228
136 0.276712328767
137 0.274193548387
138 0.306233062331
139 0.30376344086
140 0.271276595745
141 0.290410958904
142 0.283378746594
143 0.286486486486
144 0.289256198347
145 0.295890410959
146 0.286458333333
147 0.287262872629
148 0.284946236559
149 0.286863270777
150 0.288409703504
151 0.280748663102
152 0.301886792453
153 0.272222222222
154 0.282548476454
155 0.305084745763
156 0.296398891967
157 0.281081081081
158 0.284122562674
159 0.306010928962
160 0.288043478261
161 0.289617486339
162 0.293150684932
163 0.283746556474
164 0.299450549451
165 0.29679144385
166 0.297082228117
167 0.288828337875
168 0.286885245902
169 0.30563002681
170 0.289189189189
171 0.302452316076
172 0.291316526611
173 0.281081081081
174 0.287671232877
175 0.307901907357
176 0.290760869565
177 0.288828337875
178 0.30081300813
179 0.282191780822
