1 0.188795544171
2 0.195102632377
3 0.200394351006
4 0.201965856618
5 0.203377262463
6 0.204047153595
7 0.204186187603
8 0.204544305504
9 0.204620142236
10 0.204578010718
11 0.204493747683
12 0.204906636557
13 0.204578010718
14 0.204548518656
15 0.204679126361
16 0.204451616165
17 0.204624355388
18 0.204417910951
19 0.204544305504
20 0.204573797566
21 0.20446425562
22 0.204805520914
23 0.204607502781
24 0.204674913209
25 0.204443189861
26 0.204611715932
27 0.204578010718
28 0.204746536789
29 0.204738110486
30 0.20432100846
31 0.204283090094
32 0.204611715932
33 0.204788668307
34 0.204594863325
35 0.204535879201
36 0.204620142236
37 0.204556944959
38 0.204489534531
39 0.204396845192
40 0.204603289629
41 0.204329434764
42 0.204514813442
43 0.204636994843
44 0.204262024335
45 0.203887053827
46 0.204455829317
47 0.204409484647
48 0.20439263204
49 0.204384205737
50 0.204375779433
51 0.204636994843
52 0.205142573056
53 0.204721257879
54 0.204885570798
55 0.204923489164
56 0.204872931342
57 0.205041457413
58 0.204957194378
59 0.20488978395
60 0.204898210253
61 0.204615929084
62 0.20462856854
63 0.204957194378
64 0.205054096869
65 0.204615929084
66 0.204885570798
67 0.204910849708
68 0.20488978395
69 0.204944554923
70 0.204645421147
71 0.20472547103
72 0.204607502781
73 0.204253598032
74 0.204165121844
75 0.204645421147
76 0.204434763558
77 0.204658060602
78 0.20470019212
79 0.204569584415
80 0.204590650174
81 0.204556944959
82 0.204447403013
83 0.204674913209
84 0.204611715932
85 0.204384205737
86 0.20401344838
87 0.204354713674
88 0.204519026593
89 0.204691765816
90 0.204434763558
91 0.204447403013
92 0.204413697799
93 0.204422124103
94 0.204186187603
95 0.204683339513
96 0.204940341771
97 0.20451060029
98 0.204877144494
99 0.204337861067
100 0.20472547103
101 0.204519026593
102 0.204291516398
103 0.204388418888
104 0.204017661532
105 0.20424938488
106 0.204316795308
107 0.204245171728
108 0.204594863325
109 0.204805520914
110 0.204691765816
111 0.204489534531
112 0.204759176245
113 0.205197344029
114 0.204514813442
115 0.204068219354
116 0.204042940443
117 0.204624355388
118 0.205041457413
119 0.204923489164
120 0.204902423405
121 0.205049883717
122 0.205188917726
123 0.204931915467
124 0.205125720449
125 0.204881357646
126 0.204148269237
127 0.204413697799
128 0.204384205737
129 0.204333647915
130 0.204544305504
131 0.204877144494
132 0.204792881459
133 0.204363139978
134 0.20462856854
135 0.204481108227
136 0.20443897671
137 0.2041777613
138 0.204535879201
139 0.20458222387
140 0.204228319121
141 0.204759176245
142 0.204801307762
143 0.204742323637
144 0.204358926826
145 0.204472681924
146 0.204316795308
147 0.204792881459
148 0.204270450639
149 0.20427466379
150 0.204674913209
151 0.204936128619
152 0.204455829317
153 0.204759176245
154 0.204763389396
155 0.204999325896
156 0.204902423405
157 0.204809734066
158 0.204262024335
159 0.204780242003
160 0.204556944959
161 0.204603289629
162 0.204544305504
163 0.204417910951
164 0.204068219354
165 0.204417910951
166 0.20446425562
167 0.204780242003
168 0.204830799825
169 0.204780242003
170 0.204148269237
171 0.204413697799
172 0.204712831575
173 0.204304155853
174 0.204578010718
175 0.204679126361
176 0.204797094611
177 0.204620142236
