1 0.144060298628
2 0.150637028548
3 0.15629107823
4 0.157306447807
5 0.159080184705
6 0.159602615525
7 0.159636320739
8 0.159589976069
9 0.159244497624
10 0.159404597391
11 0.159787994203
12 0.159450942061
13 0.15949728673
14 0.159956520274
15 0.160268293505
16 0.160213522532
17 0.159981799184
18 0.159914388756
19 0.16006606222
20 0.159670025953
21 0.15994809397
22 0.159813273113
23 0.160036570157
24 0.160297785567
25 0.160040783309
26 0.159952307122
27 0.159775354747
28 0.160243014594
29 0.160478951094
30 0.160306211871
31 0.160251440898
32 0.159762715292
33 0.16001971755
34 0.159960733425
35 0.159556270855
36 0.159695304864
37 0.15983012572
38 0.160120833193
39 0.160306211871
40 0.159973372881
41 0.160011291247
42 0.15987647039
43 0.159834338872
44 0.15973322323
45 0.15956891031
46 0.159391957936
47 0.159783781051
48 0.159678452257
49 0.159707944319
50 0.160015504399
51 0.160141898952
52 0.160087127979
53 0.15994809397
54 0.159699518015
55 0.159754288989
56 0.159859617783
57 0.159488860427
58 0.159716370623
59 0.159611041828
60 0.16001971755
61 0.160112406889
62 0.160259867201
63 0.160074488523
64 0.159960733425
65 0.159859617783
66 0.160112406889
67 0.160403114362
68 0.160293572416
69 0.160386261755
70 0.15980484681
71 0.160251440898
72 0.160306211871
73 0.16028093296
74 0.160301998719
75 0.160297785567
76 0.160087127979
77 0.160103980586
78 0.160158751559
79 0.160259867201
80 0.159712157471
81 0.160007078095
82 0.159720583774
83 0.159391957936
84 0.159488860427
85 0.159404597391
86 0.159674239105
87 0.159657386498
88 0.160276719809
89 0.15987647039
90 0.160243014594
91 0.160365195996
92 0.160268293505
93 0.159884896694
94 0.160095554282
95 0.160247227746
96 0.160230375139
97 0.160175604166
98 0.160188243621
99 0.160196669925
100 0.16006606222
101 0.159720583774
102 0.159674239105
103 0.160243014594
104 0.160310425023
105 0.160668542924
106 0.160571640433
107 0.160141898952
108 0.160011291247
109 0.160108193738
110 0.160264080353
111 0.160394688058
112 0.160411540665
113 0.160377835451
114 0.160453672183
115 0.160403114362
116 0.160419966969
117 0.160314638175
118 0.160360982844
119 0.160306211871
120 0.160264080353
121 0.160457885335
122 0.160310425023
123 0.160310425023
124 0.16018403047
125 0.159842765176
126 0.160512656308
127 0.159956520274
128 0.160057635916
129 0.160044996461
130 0.160133472648
131 0.160331490782
132 0.159556270855
133 0.160125046345
134 0.160247227746
135 0.160095554282
136 0.160154538407
137 0.160310425023
138 0.160162964711
139 0.1601376858
140 0.160167177862
141 0.159935454515
142 0.159956520274
143 0.160162964711
144 0.16018403047
145 0.16006606222
146 0.160390474906
147 0.159922815059
148 0.160217735684
149 0.159910175604
150 0.160023930702
151 0.160200883077
152 0.160095554282
153 0.160154538407
154 0.16028093296
155 0.160436819576
156 0.160074488523
157 0.160272506657
158 0.160390474906
159 0.160087127979
160 0.159956520274
161 0.15987647039
162 0.159943880818
163 0.159990225488
164 0.159973372881
165 0.15980484681
166 0.160070275372
167 0.160382048603
168 0.160221948835
169 0.15994809397
170 0.159893322997
171 0.159977586033
172 0.160504230004
173 0.160424180121
174 0.160335703933
175 0.160049209613
176 0.15994809397
