1 0.14380329637
2 0.150346321076
3 0.156181536284
4 0.157529744852
5 0.158633590616
6 0.15921079241
7 0.15949728673
8 0.159564697159
9 0.160044996461
10 0.15999443864
11 0.159556270855
12 0.159644747042
13 0.159897536149
14 0.159884896694
15 0.159825912569
16 0.159897536149
17 0.159956520274
18 0.159956520274
19 0.160116620041
20 0.159939667667
21 0.159619468132
22 0.159724796926
23 0.159459368364
24 0.159809059962
25 0.159598402373
26 0.159863830935
27 0.159859617783
28 0.15983012572
29 0.15983012572
30 0.159493073578
31 0.159880683542
32 0.160150325255
33 0.159463581516
34 0.159446728909
35 0.15935403957
36 0.159484647275
37 0.159750075837
38 0.160087127979
39 0.159505713034
40 0.159383531632
41 0.159699518015
42 0.159564697159
43 0.159880683542
44 0.160453672183
45 0.160356769692
46 0.160230375139
47 0.159884896694
48 0.159670025953
49 0.15999443864
50 0.160377835451
51 0.160175604166
52 0.160116620041
53 0.160141898952
54 0.160011291247
55 0.159750075837
56 0.159939667667
57 0.160141898952
58 0.159990225488
59 0.159670025953
60 0.159939667667
61 0.16020930938
62 0.160377835451
63 0.160044996461
64 0.159695304864
65 0.15956891031
66 0.159518352489
67 0.159699518015
68 0.159825912569
69 0.159644747042
70 0.159434089454
71 0.159594189221
72 0.159986012336
73 0.159960733425
74 0.159729010078
75 0.159889109845
76 0.159720583774
77 0.159960733425
78 0.159800633658
79 0.159594189221
80 0.15983012572
81 0.15983012572
82 0.160120833193
83 0.159960733425
84 0.159905962452
85 0.160125046345
86 0.160087127979
87 0.160141898952
88 0.160419966969
89 0.160192456773
90 0.160419966969
91 0.160369409148
92 0.160297785567
93 0.160559000977
94 0.160419966969
95 0.160087127979
96 0.159750075837
97 0.159960733425
98 0.159703731167
99 0.16001971755
100 0.159653173346
101 0.160120833193
102 0.159964946577
103 0.159670025953
104 0.160150325255
105 0.159859617783
106 0.15973322323
107 0.159783781051
108 0.159737436381
109 0.159598402373
110 0.159391957936
111 0.159594189221
112 0.159539418248
113 0.159986012336
114 0.159960733425
115 0.159539418248
116 0.159375105329
117 0.159699518015
118 0.159855404631
119 0.16009134113
120 0.160150325255
121 0.160167177862
122 0.159990225488
123 0.16020930938
124 0.160087127979
125 0.159986012336
126 0.159750075837
127 0.159619468132
128 0.159611041828
129 0.159644747042
130 0.159602615525
131 0.159434089454
132 0.159661599649
133 0.159905962452
134 0.160125046345
135 0.16028093296
136 0.160040783309
137 0.159960733425
138 0.159488860427
139 0.159467794668
140 0.16020930938
141 0.160411540665
142 0.160251440898
143 0.160095554282
144 0.159598402373
145 0.159855404631
146 0.159956520274
147 0.16009134113
148 0.160436819576
149 0.160403114362
150 0.160403114362
151 0.160120833193
152 0.159783781051
153 0.160125046345
154 0.160217735684
155 0.159964946577
156 0.160125046345
157 0.160125046345
158 0.16009134113
159 0.159880683542
160 0.159914388756
161 0.160158751559
162 0.160377835451
163 0.16054214837
164 0.160146112104
165 0.159956520274
166 0.159729010078
167 0.159488860427
168 0.159905962452
169 0.15983012572
170 0.159825912569
171 0.159986012336
172 0.159960733425
173 0.159800633658
174 0.159328760659
175 0.159375105329
176 0.159636320739
177 0.1601376858
