1 0.191919191919
2 0.2625
3 0.2625
4 0.276649746193
5 0.258974358974
6 0.209718670077
7 0.261780104712
8 0.113402061856
9 0.118251928021
10 0.10582010582
11 0.120104438642
12 0.116883116883
13 0.129533678756
14 0.107611548556
15 0.132992327366
16 0.127877237852
17 0.121761658031
18 0.131782945736
19 0.125964010283
20 0.114882506527
21 0.135549872123
22 0.146095717884
23 0.114583333333
24 0.122077922078
25 0.119480519481
26 0.107611548556
27 0.142131979695
28 0.134366925065
29 0.116580310881
30 0.0989304812834
31 0.116279069767
32 0.123076923077
33 0.114583333333
34 0.141057934509
35 0.123711340206
36 0.142857142857
37 0.107329842932
38 0.124031007752
39 0.114882506527
40 0.111979166667
41 0.110817941953
42 0.123711340206
43 0.137404580153
44 0.128205128205
45 0.1
46 0.103448275862
47 0.102362204724
48 0.121447028424
49 0.11780104712
50 0.0947368421053
51 0.107049608355
52 0.100775193798
53 0.0973684210526
54 0.105943152455
55 0.134517766497
56 0.115979381443
57 0.089709762533
58 0.102631578947
59 0.107969151671
60 0.117948717949
61 0.119897959184
62 0.104166666667
63 0.102362204724
64 0.1015625
65 0.0916230366492
66 0.109375
67 0.1015625
68 0.10621761658
69 0.119897959184
70 0.0873015873016
71 0.10290237467
72 0.113695090439
73 0.103896103896
74 0.136020151134
75 0.0848806366048
76 0.103626943005
77 0.126582278481
78 0.107329842932
79 0.0873015873016
80 0.109090909091
81 0.122762148338
82 0.113110539846
83 0.0868421052632
84 0.0973684210526
85 0.108527131783
86 0.11227154047
87 0.118556701031
88 0.109375
89 0.100775193798
90 0.109947643979
91 0.123711340206
92 0.0944881889764
93 0.124681933842
94 0.109090909091
95 0.10182767624
96 0.133501259446
97 0.0748663101604
98 0.103896103896
99 0.125
100 0.103626943005
101 0.115681233933
102 0.119897959184
103 0.0916230366492
104 0.117948717949
105 0.123425692695
106 0.0949868073879
107 0.106493506494
108 0.120512820513
109 0.118251928021
110 0.0928381962865
111 0.122762148338
112 0.0918635170604
113 0.113110539846
114 0.115979381443
115 0.0961038961039
116 0.0918635170604
117 0.115681233933
118 0.108527131783
119 0.114795918367
120 0.120512820513
121 0.120204603581
122 0.126903553299
123 0.115384615385
124 0.122762148338
125 0.0992167101828
126 0.113402061856
127 0.113110539846
128 0.119897959184
129 0.129770992366
130 0.104712041885
131 0.102362204724
132 0.103896103896
133 0.0899470899471
134 0.119897959184
135 0.103896103896
136 0.113989637306
137 0.10182767624
138 0.116279069767
139 0.131979695431
140 0.113402061856
141 0.115979381443
142 0.116580310881
143 0.0894736842105
144 0.113695090439
145 0.105398457584
146 0.117647058824
147 0.122448979592
148 0.111111111111
149 0.109375
150 0.0992167101828
151 0.109375
152 0.119592875318
153 0.120822622108
154 0.1425
155 0.118556701031
156 0.0877659574468
157 0.10621761658
158 0.110824742268
159 0.10182767624
160 0.115681233933
161 0.0877659574468
162 0.111111111111
163 0.114795918367
164 0.117647058824
165 0.0957446808511
166 0.118251928021
167 0.108527131783
168 0.110539845758
169 0.125641025641
170 0.0989583333333
171 0.123393316195
172 0.104712041885
173 0.125964010283
174 0.0963541666667
175 0.118863049096
176 0.107049608355
177 0.0976253298153
178 0.108527131783
179 0.111688311688
