1 0.10436819576
2 0.110928073073
3 0.116417809835
4 0.117909265563
5 0.119543968452
6 0.1203697462
7 0.120748929859
8 0.120466648691
9 0.120571977485
10 0.1209638006
11 0.120921669082
12 0.120517206512
13 0.120571977485
14 0.120807913984
15 0.12091745593
16 0.120740503556
17 0.120727864101
18 0.120668879976
19 0.120555124878
20 0.120677306279
21 0.120504567057
22 0.120946947993
23 0.120925882234
24 0.120588830092
25 0.12044136978
26 0.120386598807
27 0.120736290404
28 0.120643601065
29 0.121010145269
30 0.120942734841
31 0.12077420877
32 0.120694158886
33 0.121090195153
34 0.121427247295
35 0.121389328929
36 0.120879537564
37 0.120601469547
38 0.120972226904
39 0.120930095386
40 0.121039637332
41 0.12122501601
42 0.121616839125
43 0.121498870875
44 0.121309279045
45 0.121077555698
46 0.120900603323
47 0.121267147528
48 0.121427247295
49 0.120757356163
50 0.120744716708
51 0.121136539823
52 0.120980653207
53 0.121203950251
54 0.121216589706
55 0.121136539823
56 0.12136826317
57 0.121262934376
58 0.121031211028
59 0.120879537564
60 0.120934308538
61 0.121043850484
62 0.121056489939
63 0.120761569315
64 0.120673093128
65 0.121313492197
66 0.121313492197
67 0.121166031885
68 0.121182884492
69 0.120968013752
70 0.121166031885
71 0.121094408305
72 0.121326131653
73 0.121334557956
74 0.121144966126
75 0.121372476322
76 0.121456739358
77 0.121359836867
78 0.121060703091
79 0.121056489939
80 0.121208163403
81 0.120647814217
82 0.121043850484
83 0.121292426438
84 0.121562068152
85 0.121284000135
86 0.121460952509
87 0.121717954768
88 0.121397755233
89 0.120904816475
90 0.121195523948
91 0.121119687216
92 0.121380902626
93 0.121406181536
94 0.121271360679
95 0.121220802858
96 0.121182884492
97 0.120757356163
98 0.120930095386
99 0.121212376555
100 0.12103542418
101 0.120593043244
102 0.120475074994
103 0.120576190637
104 0.120879537564
105 0.120913242779
106 0.121557855
107 0.121182884492
108 0.121199737099
109 0.120913242779
110 0.120854258654
111 0.120887963868
112 0.121039637332
113 0.121005932118
114 0.120921669082
115 0.121216589706
116 0.121562068152
117 0.12141460784
118 0.121157605582
119 0.121212376555
120 0.120984866359
121 0.121246081769
122 0.12148623142
123 0.121616839125
124 0.121663183795
125 0.121410394688
126 0.121570494455
127 0.121726381071
128 0.121111260912
129 0.120871111261
130 0.121313492197
131 0.121022784725
132 0.121444099902
133 0.121090195153
134 0.121410394688
135 0.121536789241
136 0.121663183795
137 0.121435673599
138 0.121144966126
139 0.121098621457
140 0.121039637332
141 0.120934308538
142 0.121166031885
143 0.121140752974
144 0.121288213287
145 0.12117867134
146 0.121258721224
147 0.120689945735
148 0.121132326671
149 0.121802217803
150 0.121161818733
151 0.120993292662
152 0.120782635074
153 0.120719437797
154 0.120593043244
155 0.120786848225
156 0.120588830092
157 0.120879537564
158 0.1209638006
159 0.120887963868
160 0.121208163403
161 0.121094408305
162 0.120909029627
163 0.121199737099
164 0.121149179278
165 0.121338771108
166 0.120955374296
167 0.120887963868
168 0.120946947993
169 0.12091745593
170 0.120976440055
171 0.121005932118
172 0.120850045502
173 0.120824766591
174 0.121418820992
175 0.121524149786
176 0.121284000135
