1 0.306532663317
2 0.327543424318
3 0.238578680203
4 0.0302267002519
5 0.0354430379747
6 0.0225
7 0.0378787878788
8 0.0251256281407
9 0.0403022670025
10 0.0325814536341
11 0.0177215189873
12 0.03
13 0.0227848101266
14 0.00501253132832
15 0.053164556962
16 0.0426065162907
17 0.0150753768844
18 0.0125
19 0.00751879699248
20 0.0201511335013
21 0.0151515151515
22 0.0279187817259
23 0.0178117048346
24 0.015037593985
25 0.0124378109453
26 0.0278481012658
27 0.0250626566416
28 0.0681818181818
29 0.0469135802469
30 0.0175879396985
31 0.015037593985
32 0.0274314214464
33 0.0201511335013
34 0.0279187817259
35 0.0277078085642
36 0.0175438596491
37 0.0353535353535
38 0.0175
39 0.0353535353535
40 0.0201005025126
41 0.0100755667506
42 0.0375939849624
43 0.0125628140704
44 0.020202020202
45 0.0301507537688
46 0.0601503759398
47 0.0178571428571
48 0.0253164556962
49 0.0175438596491
50 0.0429292929293
51 0.0177215189873
52 0.0175
53 0.0151133501259
54 0.015306122449
55 0.00751879699248
56 0.0100250626566
57 0.0201005025126
58 0.0199501246883
59 0.0150753768844
60 0.0150753768844
61 0.0151515151515
62 0.0276381909548
63 0.0225
64 0.00505050505051
65 0.0125628140704
66 0.00751879699248
67 0.0124688279302
68 0.0177664974619
69 0.0125628140704
70 0.0125
71 0.0223880597015
72 0.0125313283208
73 0.0227272727273
74 0.0175
75 0.0174563591022
76 0.0278481012658
77 0.0150753768844
78 0.0126582278481
79 0.0201511335013
80 0.0251256281407
81 0.0226130653266
82 0.0226130653266
83 0.015037593985
84 0.0176767676768
85 0.0300751879699
86 0.0100755667506
87 0.0151133501259
88 0.00755667506297
89 0.0226130653266
90 0.0276381909548
91 0.030534351145
92 0.01
93 0.0277078085642
94 0.0176322418136
95 0.015
96 0.0226700251889
97 0.0175438596491
98 0.0201005025126
99 0.0152671755725
100 0.0200501253133
101 0.0100502512563
102 0.0125628140704
103 0.0125628140704
104 0.00757575757576
105 0.020253164557
106 0.0276381909548
107 0.0126262626263
108 0.015037593985
109 0.00502512562814
110 0.0403022670025
111 0.0230179028133
112 0.020202020202
113 0.029702970297
114 0.00503778337531
115 0.0273631840796
116 0.0277078085642
117 0.0100502512563
118 0.00251889168766
119 0.025
120 0.0150753768844
121 0.0225563909774
122 0.0325814536341
123 0.0402010050251
124 0.0175879396985
125 0.0175879396985
126 0.0224438902743
127 0.00751879699248
128 0.0126262626263
129 0.0200501253133
130 0.0177664974619
131 0.0174563591022
132 0.0100755667506
133 0.0324189526185
134 0.0176322418136
135 0.0327455919395
136 0.0251889168766
137 0.0375939849624
138 0.0201005025126
139 0.02
140 0.00503778337531
141 0.0151515151515
142 0.0201511335013
143 0.0223880597015
144 0.0454545454545
145 0.0251889168766
146 0.0100502512563
147 0.0226130653266
148 0.0177215189873
149 0.015037593985
150 0.0100502512563
151 0.0275689223058
152 0.0175
153 0.0126262626263
154 0.015037593985
155 0.00997506234414
156 0.0125628140704
157 0.0175879396985
158 0.0201511335013
159 0.0225563909774
160 0.0275689223058
161 0.0125944584383
162 0.00502512562814
163 0.0201511335013
164 0.0299251870324
165 0.0201511335013
166 0.015037593985
167 0.0125944584383
168 0.0100755667506
169 0.00751879699248
170 0.0249376558603
171 0.0176322418136
172 0.0201511335013
173 0.0125313283208
174 0.0126903553299
175 0.0125
176 0.0100250626566
177 0.020202020202
178 0.020202020202
179 0.0226130653266
