1 0.306532663317
2 0.323383084577
3 0.294710327456
4 0.256926952141
5 0.285353535354
6 0.278894472362
7 0.286089238845
8 0.287917737789
9 0.287958115183
10 0.283854166667
11 0.268929503916
12 0.288265306122
13 0.282383419689
14 0.275064267352
15 0.268041237113
16 0.271794871795
17 0.278350515464
18 0.272727272727
19 0.275510204082
20 0.266666666667
21 0.326582278481
22 0.269230769231
23 0.281329923274
24 0.279792746114
25 0.281167108753
26 0.283163265306
27 0.272251308901
28 0.271573604061
29 0.27621483376
30 0.282776349614
31 0.279069767442
32 0.274151436031
33 0.269129287599
34 0.275064267352
35 0.273657289003
36 0.272493573265
37 0.268421052632
38 0.274011299435
39 0.274566473988
40 0.290666666667
41 0.28835978836
42 0.273684210526
43 0.272988505747
44 0.277922077922
45 0.279792746114
46 0.291878172589
47 0.289544235925
48 0.273195876289
49 0.277173913043
50 0.274151436031
51 0.267195767196
52 0.28818443804
53 0.268011527378
54 0.288
55 0.275324675325
56 0.268733850129
57 0.265415549598
58 0.271540469974
59 0.272493573265
60 0.27806122449
61 0.280423280423
62 0.273901808786
63 0.296675191816
64 0.285326086957
65 0.307479224377
66 0.300283286119
67 0.266055045872
68 0.286931818182
69 0.28729281768
70 0.286956521739
71 0.301724137931
72 0.279761904762
73 0.279538904899
74 0.278443113772
75 0.295857988166
76 0.303116147309
77 0.29203539823
78 0.273255813953
79 0.266149870801
80 0.28125
81 0.301675977654
82 0.300275482094
83 0.3
84 0.279778393352
85 0.287958115183
86 0.260981912145
87 0.270557029178
88 0.288888888889
89 0.287634408602
90 0.280323450135
91 0.271794871795
92 0.289398280802
93 0.28328611898
94 0.300835654596
95 0.297687861272
96 0.287878787879
97 0.298630136986
98 0.280748663102
99 0.283068783069
100 0.270618556701
101 0.278645833333
102 0.273684210526
103 0.276315789474
104 0.27621483376
105 0.271767810026
106 0.293956043956
107 0.296610169492
108 0.274052478134
109 0.27868852459
110 0.274666666667
111 0.286096256684
112 0.287671232877
113 0.303370786517
114 0.301169590643
115 0.253822629969
116 0.26443768997
117 0.294460641399
118 0.282383419689
119 0.297222222222
120 0.288571428571
121 0.295774647887
122 0.300283286119
123 0.272189349112
124 0.270114942529
125 0.254601226994
126 0.291545189504
127 0.311239193084
128 0.278931750742
129 0.286549707602
130 0.296829971182
131 0.314606741573
132 0.28869047619
133 0.281524926686
134 0.276785714286
135 0.277286135693
136 0.296296296296
137 0.286908077994
138 0.278931750742
139 0.31043956044
140 0.295652173913
141 0.262195121951
142 0.274052478134
143 0.296829971182
144 0.296187683284
145 0.279411764706
146 0.252279635258
147 0.280701754386
148 0.299418604651
149 0.271084337349
150 0.281899109792
151 0.265193370166
152 0.297376093294
153 0.284457478006
154 0.288629737609
155 0.272727272727
156 0.271794871795
157 0.276243093923
158 0.281167108753
159 0.29679144385
160 0.287323943662
161 0.272264631043
162 0.289189189189
163 0.264705882353
164 0.295264623955
165 0.272727272727
166 0.271317829457
167 0.274456521739
168 0.269430051813
169 0.276923076923
170 0.270618556701
171 0.294736842105
172 0.28453038674
173 0.284090909091
174 0.302949061662
175 0.288288288288
176 0.27380952381
177 0.259701492537
178 0.300283286119
179 0.291891891892
