1 0.104983315919
2 0.111290404126
3 0.116952880111
4 0.119560821059
5 0.121949678115
6 0.122210893525
7 0.122472108935
8 0.122627995551
9 0.122472108935
10 0.122139269945
11 0.12205500691
12 0.122071859517
13 0.12205500691
14 0.122210893525
15 0.125960598605
16 0.130439178941
17 0.130477097307
18 0.13064983653
19 0.130493949914
20 0.130110553103
21 0.130527655128
22 0.130691968047
23 0.130662475985
24 0.130590852405
25 0.130616131316
26 0.130409686879
27 0.130809936297
28 0.130788870538
29 0.130447605245
30 0.130860494118
31 0.131109070073
32 0.130628770771
33 0.130540294584
34 0.130359129057
35 0.130611918164
36 0.130182176683
37 0.129781927264
38 0.129899895514
39 0.130161110924
40 0.130679328592
41 0.130118979406
42 0.130481310459
43 0.131117496377
44 0.131071151707
45 0.13060349186
46 0.130953183457
47 0.130831002056
48 0.130847854663
49 0.131248104082
50 0.130506589369
51 0.130001011156
52 0.130506589369
53 0.130156897772
54 0.13060349186
55 0.129996798005
56 0.130013650612
57 0.129992584853
58 0.130123192558
59 0.130051568978
60 0.130978462368
61 0.130051568978
62 0.130843641511
63 0.130144258317
64 0.130641410226
65 0.131020593886
66 0.130704607503
67 0.131079578011
68 0.131319727662
69 0.13110064377
70 0.130401260575
71 0.13079308369
72 0.13124389093
73 0.130670902289
74 0.130852067815
75 0.131374498635
76 0.130329636995
77 0.130885773029
78 0.130569786646
79 0.130687754896
80 0.129807206175
81 0.130321210691
82 0.130274866022
83 0.130620344467
84 0.131222825171
85 0.130666689137
86 0.131345006573
87 0.13098267552
88 0.130434965789
89 0.130658262833
90 0.130228521352
91 0.131168054198
92 0.130763591628
93 0.130999528127
94 0.130338063298
95 0.13093633085
96 0.131370285483
97 0.13079308369
98 0.130999528127
99 0.13031699754
100 0.130755165324
101 0.130637197074
102 0.130898412484
103 0.130932117699
104 0.131547237858
105 0.131728403384
106 0.131210185716
107 0.130991101823
108 0.131294448751
109 0.130632983923
110 0.130898412484
111 0.130397047423
112 0.130873133574
113 0.130354915905
114 0.130468671003
115 0.130611918164
116 0.130927904547
117 0.130599278708
118 0.130666689137
119 0.130232734504
120 0.130451818396
121 0.130418113182
122 0.130620344467
123 0.130654049681
124 0.13019902929
125 0.130194816138
126 0.129861977148
127 0.13053186828
128 0.13000943746
129 0.131155414743
130 0.130814149449
131 0.130784657386
132 0.130628770771
133 0.130999528127
134 0.131429269608
135 0.130131618861
136 0.130923691395
137 0.130763591628
138 0.13124389093
139 0.130544507735
140 0.130329636995
141 0.130915265092
142 0.130144258317
143 0.131345006573
144 0.130565573494
145 0.13067511544
146 0.130220095049
147 0.130797296842
148 0.131319727662
149 0.130797296842
150 0.1310542991
151 0.130182176683
152 0.130456031548
153 0.13053186828
154 0.13131551451
155 0.130826788904
156 0.131239677778
157 0.13145876167
158 0.13136185918
159 0.130215881897
160 0.130616131316
161 0.130502376218
162 0.130948970306
163 0.130540294584
164 0.131088004314
165 0.130573999798
166 0.130607705012
167 0.130814149449
168 0.13112592268
169 0.130746739021
170 0.131050085948
171 0.130927904547
172 0.131281809296
173 0.131269169841
174 0.13138713809
175 0.130666689137
