1 0.187350433112
2 0.194774006539
3 0.199598065321
4 0.201801543699
5 0.202496713742
6 0.20244615592
7 0.202433516465
8 0.202079611716
9 0.20234925343
10 0.202559911018
11 0.202534632108
12 0.20261046884
13 0.20237453234
14 0.202210219421
15 0.202210219421
16 0.202294482456
17 0.202559911018
18 0.202534632108
19 0.202521992652
20 0.202197579966
21 0.202437729617
22 0.202880110553
23 0.202538845259
24 0.20244615592
25 0.202505140045
26 0.202854831642
27 0.202770568607
28 0.202749502848
29 0.202821126428
30 0.20270737133
31 0.203558427989
32 0.203499443864
33 0.203288786275
34 0.20375223297
35 0.203924972193
36 0.203583706899
37 0.203436246587
38 0.203634264721
39 0.203368836159
40 0.203520509623
41 0.203630051569
42 0.203865988068
43 0.203857561765
44 0.203899693283
45 0.203979743166
46 0.20368060939
47 0.203516296471
48 0.203714314604
49 0.203891266979
50 0.2039418248
51 0.203575280596
52 0.203861774917
53 0.203760659274
54 0.203908119586
55 0.203651117328
56 0.203811217095
57 0.203558427989
58 0.203697461997
59 0.203604772658
60 0.203731167212
61 0.203259294213
62 0.203128686508
63 0.203566854292
64 0.203242441606
65 0.20320452324
66 0.203368836159
67 0.203697461997
68 0.203659543631
69 0.203794364488
70 0.203103407597
71 0.203689035694
72 0.203891266979
73 0.203865988068
74 0.203600559507
75 0.203474164953
76 0.20368060939
77 0.203444672891
78 0.203785938185
79 0.203996595773
80 0.203971316863
81 0.203971316863
82 0.203996595773
83 0.203689035694
84 0.203697461997
85 0.20365533048
86 0.203638477873
87 0.203899693283
88 0.20360898581
89 0.203339344097
90 0.20341939398
91 0.203343557248
92 0.203811217095
93 0.203600559507
94 0.203811217095
95 0.203389901918
96 0.20375223297
97 0.203672183087
98 0.203760659274
99 0.203634264721
100 0.203512083319
101 0.203714314604
102 0.203815430247
103 0.203828069702
104 0.203575280596
105 0.203689035694
106 0.203339344097
107 0.20365533048
108 0.2039418248
109 0.204316795308
110 0.204291516398
111 0.204101924568
112 0.204127203478
113 0.204257811183
114 0.204257811183
115 0.204076645657
116 0.2039418248
117 0.203975530014
118 0.203861774917
119 0.203983956318
120 0.204325221612
121 0.2039418248
122 0.204072432505
123 0.204472681924
124 0.203967103711
125 0.2039418248
126 0.20424938488
127 0.204144056085
128 0.204283090094
129 0.203967103711
130 0.204169334996
131 0.204413697799
132 0.203912332738
133 0.204097711416
134 0.204152482389
135 0.20391654589
136 0.204089285112
137 0.204030300988
138 0.2039418248
139 0.203899693283
140 0.204211466514
141 0.204805520914
142 0.204674913209
143 0.20470019212
144 0.204544305504
145 0.204489534531
146 0.204316795308
147 0.204649634298
148 0.204447403013
149 0.20443897671
150 0.204042940443
151 0.204624355388
152 0.204173548148
153 0.204472681924
154 0.204283090094
155 0.204097711416
156 0.204064006202
157 0.20446425562
158 0.204780242003
159 0.204805520914
160 0.204839226128
161 0.204683339513
162 0.204636994843
163 0.20446425562
164 0.204253598032
165 0.204422124103
166 0.204691765816
167 0.204194613907
168 0.204156695541
169 0.204047153595
170 0.20446425562
171 0.204388418888
172 0.204540092352
173 0.204519026593
174 0.204519026593
175 0.204413697799
176 0.204662273754
177 0.204813947218
