1 0.149411001382
2 0.155970878695
3 0.161136202771
4 0.163870538272
5 0.164494084735
6 0.164890121002
7 0.165180828474
8 0.165096565439
9 0.165227173144
10 0.165437830732
11 0.165176615322
12 0.165370420304
13 0.165185041626
14 0.165189254778
15 0.165193467929
16 0.164982810341
17 0.16495753143
18 0.165324075635
19 0.165509454313
20 0.165593717348
21 0.165538946375
22 0.165543159527
23 0.165088139135
24 0.165378846608
25 0.165273517813
26 0.16495753143
27 0.16483956318
28 0.165235599447
29 0.165404125518
30 0.165315649331
31 0.165332501938
32 0.165505241161
33 0.165134483805
34 0.16545468334
35 0.165690619839
36 0.165543159527
37 0.165260878358
38 0.165281944117
39 0.165298796724
40 0.165269304661
41 0.16552630692
42 0.165665340928
43 0.165618996259
44 0.165728538205
45 0.16521874684
46 0.165568438437
47 0.165699046142
48 0.16540833867
49 0.165353567697
50 0.165404125518
51 0.165197681081
52 0.165273517813
53 0.16552630692
54 0.165235599447
55 0.165126057501
56 0.164801644814
57 0.165416764974
58 0.165024941859
59 0.165273517813
60 0.164974384037
61 0.165273517813
62 0.164793218511
63 0.164755300145
64 0.165176615322
65 0.165404125518
66 0.165661127776
67 0.165425191277
68 0.165016515555
69 0.16462469244
70 0.164780579056
71 0.164797431663
72 0.165104991742
73 0.165366207152
74 0.165366207152
75 0.165366207152
76 0.165383059759
77 0.165391486063
78 0.164974384037
79 0.165155549564
80 0.165054433921
81 0.165163975867
82 0.165109204894
83 0.164864842091
84 0.164822710573
85 0.164982810341
86 0.164784792207
87 0.165269304661
88 0.165366207152
89 0.165189254778
90 0.164919613064
91 0.164919613064
92 0.16481428427
93 0.165096565439
94 0.165206107385
95 0.165104991742
96 0.165269304661
97 0.165303009876
98 0.165505241161
99 0.165294583572
100 0.165172402171
101 0.165627422562
102 0.165602143652
103 0.1655979305
104 0.165079712832
105 0.165277730965
106 0.165391486063
107 0.165294583572
108 0.165530520071
109 0.165538946375
110 0.165808588089
111 0.165665340928
112 0.165286157269
113 0.165273517813
114 0.165286157269
115 0.165513667464
116 0.165222959992
117 0.165286157269
118 0.165602143652
119 0.165602143652
120 0.165319862483
121 0.165235599447
122 0.165370420304
123 0.165210320537
124 0.165252452054
125 0.165210320537
126 0.164683676565
127 0.16481428427
128 0.165008089251
129 0.164565708315
130 0.164843776332
131 0.165138696956
132 0.165206107385
133 0.165340928242
134 0.165130270653
135 0.165387272911
136 0.165058647073
137 0.164928039368
138 0.165252452054
139 0.164953318278
140 0.165286157269
141 0.165399912366
142 0.165214533688
143 0.165235599447
144 0.165210320537
145 0.165758030267
146 0.165808588089
147 0.165501028009
148 0.165235599447
149 0.165399912366
150 0.165130270653
151 0.165214533688
152 0.164995449796
153 0.164847989484
154 0.165286157269
155 0.164944891975
156 0.165416764974
157 0.165732751357
158 0.165627422562
159 0.165366207152
160 0.165467322795
161 0.165269304661
162 0.165033368162
163 0.165420978125
164 0.165277730965
165 0.165222959992
166 0.165501028009
167 0.165138696956
168 0.164881694698
169 0.165109204894
170 0.165450470188
171 0.165661127776
172 0.165661127776
173 0.165602143652
174 0.165391486063
175 0.165303009876
176 0.165602143652
177 0.165319862483
