1 0.188614378644
2 0.195220600627
3 0.200722976845
4 0.201999561832
5 0.202749502848
6 0.202513566349
7 0.202505140045
8 0.202821126428
9 0.202606255688
10 0.202252350939
11 0.202597829384
12 0.202821126428
13 0.202821126428
14 0.202715797634
15 0.202538845259
16 0.202661026661
17 0.202345040278
18 0.20256412417
19 0.202618895143
20 0.202766355455
21 0.203225588999
22 0.203263507365
23 0.203785938185
24 0.203735380363
25 0.203739593515
26 0.203689035694
27 0.203604772658
28 0.203604772658
29 0.203621625265
30 0.203630051569
31 0.203785938185
32 0.203705888301
33 0.203819643399
34 0.20368060939
35 0.203996595773
36 0.204000808925
37 0.204038727291
38 0.203689035694
39 0.203524722775
40 0.203836496006
41 0.204005022077
42 0.204005022077
43 0.203714314604
44 0.203739593515
45 0.203583706899
46 0.203903906434
47 0.204034514139
48 0.203790151336
49 0.204030300988
50 0.20413141663
51 0.204135629782
52 0.204169334996
53 0.204135629782
54 0.204038727291
55 0.204030300988
56 0.20398816947
57 0.204005022077
58 0.203950251104
59 0.204038727291
60 0.203794364488
61 0.203689035694
62 0.203646904176
63 0.203819643399
64 0.204021874684
65 0.204152482389
66 0.204030300988
67 0.204047153595
68 0.203794364488
69 0.203950251104
70 0.203819643399
71 0.203617412114
72 0.204114564023
73 0.204413697799
74 0.204165121844
75 0.204186187603
76 0.204135629782
77 0.204114564023
78 0.204051366746
79 0.204089285112
80 0.204080858809
81 0.204186187603
82 0.204291516398
83 0.204240958576
84 0.20427466379
85 0.204266237487
86 0.204342074219
87 0.204291516398
88 0.204396845192
89 0.204287303246
90 0.204064006202
91 0.204080858809
92 0.203781725033
93 0.203958677407
94 0.204266237487
95 0.203950251104
96 0.203714314604
97 0.203769085578
98 0.204080858809
99 0.203819643399
100 0.203444672891
101 0.203874414372
102 0.204047153595
103 0.204396845192
104 0.204371566281
105 0.204139842934
106 0.204097711416
107 0.204245171728
108 0.203714314604
109 0.204114564023
110 0.204396845192
111 0.204552731808
112 0.204190400755
113 0.204396845192
114 0.204396845192
115 0.203920759041
116 0.203659543631
117 0.203689035694
118 0.204211466514
119 0.204127203478
120 0.204080858809
121 0.204186187603
122 0.204169334996
123 0.204097711416
124 0.2041777613
125 0.203710101453
126 0.204236745425
127 0.204497960835
128 0.204396845192
129 0.204047153595
130 0.203950251104
131 0.204034514139
132 0.204135629782
133 0.203819643399
134 0.20365533048
135 0.204080858809
136 0.204005022077
137 0.204080858809
138 0.204038727291
139 0.20413141663
140 0.204295729549
141 0.204135629782
142 0.204148269237
143 0.204000808925
144 0.204384205737
145 0.204662273754
146 0.204181974451
147 0.204472681924
148 0.204944554923
149 0.20470019212
150 0.204611715932
151 0.204481108227
152 0.204198827059
153 0.204611715932
154 0.204548518656
155 0.204944554923
156 0.205125720449
157 0.204978260137
158 0.204611715932
159 0.204662273754
160 0.204603289629
161 0.204342074219
162 0.204472681924
163 0.204603289629
164 0.204611715932
165 0.20470019212
166 0.204447403013
167 0.204497960835
168 0.204544305504
169 0.204527452897
170 0.204620142236
171 0.204847652432
172 0.204763389396
173 0.204788668307
174 0.204645421147
175 0.204742323637
176 0.204658060602
177 0.204620142236
