1 0.107106744413
2 0.113691900637
3 0.119308031953
4 0.12174744683
5 0.124043614547
6 0.124726145135
7 0.124987360545
8 0.124962081634
9 0.124978934241
10 0.125021065759
11 0.124827260777
12 0.124637668947
13 0.124772489804
14 0.12485675284
15 0.126731605379
16 0.127548956824
17 0.12908254407
18 0.13019902929
19 0.131121709528
20 0.132461491793
21 0.132600525801
22 0.132785904479
23 0.132941791095
24 0.132950217399
25 0.132769051872
26 0.133047119889
27 0.132790117631
28 0.132608952105
29 0.132689001989
30 0.132836462301
31 0.133152448684
32 0.132870167515
33 0.132747986113
34 0.132975496309
35 0.133051333041
36 0.13285752806
37 0.132444639186
38 0.132815396542
39 0.133097677711
40 0.132870167515
41 0.132912299033
42 0.132794330783
43 0.132465704945
44 0.132634231016
45 0.132941791095
46 0.132924938488
47 0.132646870471
48 0.132608952105
49 0.132891233274
50 0.133085038255
51 0.13288280697
52 0.133152448684
53 0.13311874347
54 0.1330723988
55 0.132790117631
56 0.132798543935
57 0.13288280697
58 0.132870167515
59 0.132975496309
60 0.132941791095
61 0.132625804712
62 0.132747986113
63 0.132941791095
64 0.132718494051
65 0.132849101756
66 0.132617378408
67 0.132756412417
68 0.132469918096
69 0.132815396542
70 0.132663723078
71 0.132638444167
72 0.132461491793
73 0.13233509724
74 0.132634231016
75 0.132823822845
76 0.132967070006
77 0.132655296774
78 0.132680575685
79 0.132545754828
80 0.132655296774
81 0.133131382925
82 0.133127169773
83 0.132798543935
84 0.132705854596
85 0.132617378408
86 0.132794330783
87 0.132196063231
88 0.13254996798
89 0.132663723078
90 0.13243199973
91 0.132238194749
92 0.132309818329
93 0.132482557552
94 0.132271899963
95 0.132815396542
96 0.133152448684
97 0.133013414675
98 0.132924938488
99 0.133038693586
100 0.13319036705
101 0.133228285416
102 0.133131382925
103 0.133173514443
104 0.133038693586
105 0.133270416933
106 0.133114530318
107 0.132680575685
108 0.13236037615
109 0.132537328525
110 0.132398294516
111 0.132528902221
112 0.13333361421
113 0.132895446426
114 0.132781691328
115 0.132933364792
116 0.133013414675
117 0.132604738953
118 0.132777478176
119 0.13281118339
120 0.13300077522
121 0.132773265024
122 0.132790117631
123 0.132410933971
124 0.132764838721
125 0.133042906738
126 0.133030267282
127 0.133038693586
128 0.132672149382
129 0.132819609694
130 0.133169301291
131 0.132962856854
132 0.133038693586
133 0.133038693586
134 0.133169301291
135 0.133236711719
136 0.132828035997
137 0.132899659577
138 0.132537328525
139 0.132587886346
140 0.132617378408
141 0.132689001989
142 0.133055546193
143 0.132849101756
144 0.132630017864
145 0.132773265024
146 0.132920725336
147 0.132887020122
148 0.132655296774
149 0.13300077522
150 0.133291482692
151 0.133139809228
152 0.13292915164
153 0.132794330783
154 0.133240924871
155 0.133203006505
156 0.133148235532
157 0.133038693586
158 0.133207219657
159 0.132785904479
160 0.13288280697
161 0.13273955981
162 0.132988135765
163 0.132912299033
164 0.13295443055
165 0.132836462301
166 0.132802757087
167 0.133131382925
168 0.133063972497
169 0.132735346658
170 0.132747986113
171 0.132655296774
172 0.13295443055
173 0.133127169773
174 0.133253564326
175 0.133409450942
176 0.133312548451
177 0.133021840979
