1 0.107224712663
2 0.113940476592
3 0.119687215612
4 0.120984866359
5 0.12279230847
6 0.122939768782
7 0.122826013684
8 0.12257743773
9 0.122556371971
10 0.122956621389
11 0.122927129327
12 0.122788095318
13 0.122918703023
14 0.12324311571
15 0.123209410496
16 0.123070376487
17 0.122834439988
18 0.122851292595
19 0.122771242711
20 0.12272068489
21 0.122539519364
22 0.123028244969
23 0.123436920692
24 0.123411641781
25 0.123120934309
26 0.123323165594
27 0.123070376487
28 0.1229819003
29 0.12305352388
30 0.12328946038
31 0.123002966059
32 0.123184131585
33 0.12305352388
34 0.123133573764
35 0.123087229094
36 0.123150426371
37 0.123158852675
38 0.122990326604
39 0.122695405979
40 0.122813374229
41 0.122686979676
42 0.122745963801
43 0.122897637264
44 0.123137786916
45 0.123192557889
46 0.123234689406
47 0.123108294853
48 0.123281034076
49 0.123613873066
50 0.123247328862
51 0.122783882167
52 0.122779669015
53 0.12272068489
54 0.123137786916
55 0.123373723415
56 0.123036671273
57 0.123293673531
58 0.123150426371
59 0.123441133843
60 0.123470625906
61 0.123495904816
62 0.123445346995
63 0.123466412754
64 0.123352657656
65 0.123306312987
66 0.123436920692
67 0.123479052209
68 0.123340018201
69 0.123382149719
70 0.123070376487
71 0.12291027672
72 0.123382149719
73 0.1235759547
74 0.123226263103
75 0.123087229094
76 0.123045097577
77 0.123146213219
78 0.12305352388
79 0.123129360612
80 0.123411641781
81 0.123104081701
82 0.12324311571
83 0.123167278978
84 0.123045097577
85 0.122931342479
86 0.123032458121
87 0.123399002326
88 0.123340018201
89 0.12324311571
90 0.123542249486
91 0.123276820924
92 0.123457986451
93 0.123618086218
94 0.123302099835
95 0.123251542014
96 0.123209410496
97 0.123268394621
98 0.123057737032
99 0.123057737032
100 0.123302099835
101 0.123546462638
102 0.123276820924
103 0.123158852675
104 0.123192557889
105 0.12324311571
106 0.123495904816
107 0.123310526138
108 0.122842866291
109 0.123251542014
110 0.123584381004
111 0.123293673531
112 0.123276820924
113 0.123293673531
114 0.122880784657
115 0.123251542014
116 0.123773972834
117 0.123719201861
118 0.123495904816
119 0.123129360612
120 0.123449560147
121 0.123698136102
122 0.123487478513
123 0.123538036334
124 0.123348444504
125 0.12350433112
126 0.122977687148
127 0.123234689406
128 0.123428494388
129 0.123436920692
130 0.12324311571
131 0.123163065826
132 0.123163065826
133 0.123200984192
134 0.123390576022
135 0.123323165594
136 0.123268394621
137 0.123634938825
138 0.123495904816
139 0.123184131585
140 0.122762816408
141 0.123365297111
142 0.123104081701
143 0.123104081701
144 0.123449560147
145 0.123083015943
146 0.123285247228
147 0.123142000067
148 0.12317149213
149 0.123036671273
150 0.122939768782
151 0.123251542014
152 0.123348444504
153 0.123626512521
154 0.123394789174
155 0.123226263103
156 0.123175705282
157 0.123567528397
158 0.123660217736
159 0.123609659914
160 0.123710775557
161 0.123129360612
162 0.123297886683
163 0.12350433112
164 0.123643365129
165 0.123487478513
166 0.123470625906
167 0.123474839058
168 0.123639151977
169 0.123660217736
170 0.123466412754
171 0.123167278978
172 0.123268394621
173 0.123651791432
174 0.123377936567
175 0.122851292595
176 0.123259968317
177 0.123175705282
