1 0.308270676692
2 0.317380352645
3 0.306329113924
4 0.354330708661
5 0.380319148936
6 0.304582210243
7 0.288888888889
8 0.298630136986
9 0.305785123967
10 0.306406685237
11 0.316666666667
12 0.309589041096
13 0.218085106383
14 0.00751879699248
15 0.0075
16 0.00997506234414
17 0.005
18 0.00501253132832
19 0.00751879699248
20 0.00995024875622
21 0.00503778337531
22 0.0074812967581
23 0.074358974359
24 0.298429319372
25 0.291891891892
26 0.300275482094
27 0.295580110497
28 0.288409703504
29 0.301939058172
30 0.297002724796
31 0.289544235925
32 0.304469273743
33 0.195187165775
34 0.00751879699248
35 0.00997506234414
36 0.00251256281407
37 0.0124378109453
38 0.0075
39 0.00751879699248
40 0.0075
41 0.01
42 0.005
43 0.0892857142857
44 0.275204359673
45 0.289817232376
46 0.286908077994
47 0.31299734748
48 0.296398891967
49 0.291666666667
50 0.296398891967
51 0.293333333333
52 0.275675675676
53 0.183246073298
54 0.00250626566416
55 0.00997506234414
56 0.005
57 0.0074812967581
58 0.00503778337531
59 0.00746268656716
60 0.00753768844221
61 0.0075
62 0.0074812967581
63 0.0951156812339
64 0.306179775281
65 0.303278688525
66 0.289256198347
67 0.302777777778
68 0.306849315068
69 0.285714285714
70 0.292682926829
71 0.292011019284
72 0.292225201072
73 0.160104986877
74 0.0074812967581
75 0.0149253731343
76 0.0074812967581
77 0.00753768844221
78 0.0074812967581
79 0.00501253132832
80 0.005
81 0.0075
82 0.0075
83 0.113402061856
84 0.288461538462
85 0.28418230563
86 0.295081967213
87 0.300546448087
88 0.291777188329
89 0.313829787234
90 0.286908077994
91 0.286103542234
92 0.284916201117
93 0.158311345646
94 0.00992555831266
95 0.0124688279302
96 0.00751879699248
97 0.0124069478908
98 0.00503778337531
99 0.00746268656716
100 0.00502512562814
101 0.0075
102 0.00997506234414
103 0.125
104 0.295580110497
105 0.285714285714
106 0.298387096774
107 0.298630136986
108 0.287709497207
109 0.306010928962
110 0.274932614555
111 0.291105121294
112 0.304109589041
113 0.159268929504
114 0.0149253731343
115 0.0124378109453
116 0.0100250626566
117 0.005
118 0.0149253731343
119 0.0074812967581
120 0.00251256281407
121 0.0075
122 0.00997506234414
123 0.132275132275
124 0.276712328767
125 0.307901907357
126 0.291208791209
127 0.29490616622
128 0.296495956873
129 0.279452054795
130 0.278215223097
131 0.292682926829
132 0.288043478261
133 0.128947368421
134 0.00995024875622
135 0.00751879699248
136 0.00997506234414
137 0.00501253132832
138 0.005
139 0.00753768844221
140 0.005
141 0.00501253132832
142 0.0074812967581
143 0.160714285714
144 0.294117647059
145 0.291777188329
146 0.293800539084
147 0.300835654596
148 0.301369863014
149 0.295212765957
150 0.289544235925
151 0.288828337875
152 0.270718232044
153 0.118556701031
154 0.0149253731343
155 0.00995024875622
156 0.01
157 0.005
158 0.00751879699248
159 0.0074812967581
160 0.00751879699248
161 0.00250626566416
162 0.00751879699248
163 0.159685863874
164 0.278378378378
165 0.308743169399
166 0.290322580645
167 0.301104972376
168 0.289972899729
169 0.283783783784
170 0.292817679558
171 0.282608695652
172 0.296195652174
173 0.116883116883
174 0.0124069478908
175 0.0124378109453
176 0.00997506234414
177 0.01
178 0.005
179 0.0075
