1 0.300505050505
2 0.327543424318
3 0.29797979798
4 0.2575
5 0.264851485149
6 0.2575
7 0.256281407035
8 0.259351620948
9 0.256218905473
10 0.258706467662
11 0.258145363409
12 0.259351620948
13 0.255639097744
14 0.2575
15 0.172506738544
16 0.167567567568
17 0.157181571816
18 0.150943396226
19 0.171581769437
20 0.163043478261
21 0.171195652174
22 0.16621253406
23 0.150273224044
24 0.168449197861
25 0.157024793388
26 0.164835164835
27 0.173913043478
28 0.16393442623
29 0.1689373297
30 0.162087912088
31 0.162087912088
32 0.162087912088
33 0.178378378378
34 0.158038147139
35 0.181571815718
36 0.185185185185
37 0.1689373297
38 0.169398907104
39 0.147632311978
40 0.177897574124
41 0.180592991914
42 0.154696132597
43 0.15
44 0.189473684211
45 0.160857908847
46 0.152354570637
47 0.161643835616
48 0.172506738544
49 0.169398907104
50 0.179144385027
51 0.159779614325
52 0.160762942779
53 0.160220994475
54 0.159340659341
55 0.159340659341
56 0.18449197861
57 0.172972972973
58 0.140449438202
59 0.171195652174
60 0.16393442623
61 0.157458563536
62 0.149584487535
63 0.186666666667
64 0.171195652174
65 0.167567567568
66 0.177897574124
67 0.168021680217
68 0.176943699732
69 0.202597402597
70 0.204663212435
71 0.195822454308
72 0.186170212766
73 0.2
74 0.161202185792
75 0.1689373297
76 0.1689373297
77 0.16393442623
78 0.175675675676
79 0.16348773842
80 0.154696132597
81 0.172972972973
82 0.165311653117
83 0.170731707317
84 0.172043010753
85 0.173796791444
86 0.191489361702
87 0.158038147139
88 0.161202185792
89 0.152354570637
90 0.165760869565
91 0.159779614325
92 0.162087912088
93 0.17027027027
94 0.153203342618
95 0.177897574124
96 0.150684931507
97 0.182795698925
98 0.146814404432
99 0.153424657534
100 0.180107526882
101 0.16621253406
102 0.161643835616
103 0.150417827298
104 0.16393442623
105 0.16393442623
106 0.159340659341
107 0.144846796657
108 0.17027027027
109 0.157458563536
110 0.142458100559
111 0.15
112 0.16621253406
113 0.203125
114 0.186170212766
115 0.18085106383
116 0.205729166667
117 0.215384615385
118 0.196335078534
119 0.176943699732
120 0.195250659631
121 0.198433420366
122 0.202597402597
123 0.172506738544
124 0.157458563536
125 0.149584487535
126 0.142061281337
127 0.149584487535
128 0.175675675676
129 0.149171270718
130 0.16393442623
131 0.159779614325
132 0.156593406593
133 0.175675675676
134 0.190981432361
135 0.181818181818
136 0.157024793388
137 0.16393442623
138 0.160326086957
139 0.16348773842
140 0.154696132597
141 0.171195652174
142 0.152354570637
143 0.140056022409
144 0.1689373297
145 0.159340659341
146 0.187335092348
147 0.16393442623
148 0.177897574124
149 0.153846153846
150 0.178378378378
151 0.16847826087
152 0.194736842105
153 0.18449197861
154 0.172972972973
155 0.173913043478
156 0.175202156334
157 0.168021680217
158 0.161643835616
159 0.171195652174
160 0.174731182796
161 0.165760869565
162 0.15
163 0.156593406593
164 0.15
165 0.174262734584
166 0.162087912088
167 0.148044692737
168 0.158904109589
169 0.197889182058
170 0.197916666667
171 0.210256410256
172 0.169863013699
173 0.172972972973
174 0.170731707317
175 0.16348773842
176 0.149584487535
177 0.153203342618
178 0.15512465374
179 0.149584487535
