1 0.311720698254
2 0.321695760599
3 0.291878172589
4 0.2575
5 0.277353689567
6 0.280612244898
7 0.27621483376
8 0.269922879177
9 0.285714285714
10 0.280205655527
11 0.271317829457
12 0.283464566929
13 0.291139240506
14 0.25641025641
15 0.0075
16 0.00995024875622
17 0.00251889168766
18 0.00501253132832
19 0.005
20 0.01
21 0.00501253132832
22 0.0075
23 0.005
24 0.0275689223058
25 0.27012987013
26 0.278350515464
27 0.287958115183
28 0.284946236559
29 0.295212765957
30 0.303430079156
31 0.35752688172
32 0.300561797753
33 0.288409703504
34 0.281337047354
35 0.01
36 0.0124378109453
37 0.00995024875622
38 0.00751879699248
39 0.00501253132832
40 0.01
41 0.005
42 0.00997506234414
43 0.00997506234414
44 0.0075
45 0.159090909091
46 0.302387267905
47 0.297142857143
48 0.280701754386
49 0.276470588235
50 0.285294117647
51 0.28901734104
52 0.282352941176
53 0.287790697674
54 0.28818443804
55 0.151041666667
56 0.00501253132832
57 0.00501253132832
58 0.0074812967581
59 0.00753768844221
60 0.00501253132832
61 0.0074812967581
62 0.00997506234414
63 0.00501253132832
64 0.00501253132832
65 0.158163265306
66 0.289893617021
67 0.272020725389
68 0.284237726098
69 0.292682926829
70 0.278873239437
71 0.264102564103
72 0.278236914601
73 0.266106442577
74 0.264
75 0.117948717949
76 0.00995024875622
77 0.01
78 0.00995024875622
79 0.00501253132832
80 0.0075
81 0.00251256281407
82 0.0124688279302
83 0.005
84 0.0124378109453
85 0.164524421594
86 0.266666666667
87 0.271232876712
88 0.269430051813
89 0.281767955801
90 0.267567567568
91 0.271505376344
92 0.269444444444
93 0.271676300578
94 0.275568181818
95 0.106329113924
96 0.0074812967581
97 0.00502512562814
98 0.00997506234414
99 0.0075
100 0.00997506234414
101 0.00751879699248
102 0.00501253132832
103 0.00997506234414
104 0.00502512562814
105 0.164456233422
106 0.289972899729
107 0.270557029178
108 0.268542199488
109 0.282051282051
110 0.286089238845
111 0.283068783069
112 0.272727272727
113 0.267532467532
114 0.291208791209
115 0.0918367346939
116 0.00503778337531
117 0.0074812967581
118 0.00997506234414
119 0.0100250626566
120 0.00995024875622
121 0.00251889168766
122 0.00501253132832
123 0.0149253731343
124 0.0074812967581
125 0.176165803109
126 0.287234042553
127 0.286908077994
128 0.289256198347
129 0.282608695652
130 0.268786127168
131 0.282051282051
132 0.290598290598
133 0.258823529412
134 0.272980501393
135 0.0973684210526
136 0.0074812967581
137 0.0075
138 0.00501253132832
139 0.00751879699248
140 0.01
141 0.0075
142 0.0075
143 0.00995024875622
144 0.00502512562814
145 0.161458333333
146 0.273657289003
147 0.267195767196
148 0.274151436031
149 0.275510204082
150 0.268156424581
151 0.270348837209
152 0.260869565217
153 0.3
154 0.27688172043
155 0.1
156 0.0148514851485
157 0.0075
158 0.00997506234414
159 0.00502512562814
160 0.00995024875622
161 0.00251889168766
162 0.00997506234414
163 0.0124069478908
164 0.0075
165 0.174479166667
166 0.273224043716
167 0.254742547425
168 0.26724137931
169 0.258064516129
170 0.278873239437
171 0.277142857143
172 0.292957746479
173 0.28323699422
174 0.266288951841
175 0.0971128608924
176 0.0074812967581
177 0.0075
178 0.00751879699248
179 0.0074812967581
