1 0.309226932668
2 0.312182741117
3 0.27806122449
4 0.236641221374
5 0.241730279898
6 0.196850393701
7 0.117333333333
8 0.192708333333
9 0.126943005181
10 0.127226463104
11 0.0986666666667
12 0.109660574413
13 0.12401055409
14 0.159493670886
15 0.139949109415
16 0.158163265306
17 0.143958868895
18 0.117493472585
19 0.0810810810811
20 0.133333333333
21 0.114882506527
22 0.148717948718
23 0.121693121693
24 0.110236220472
25 0.121447028424
26 0.157894736842
27 0.134715025907
28 0.158163265306
29 0.100795755968
30 0.132992327366
31 0.134715025907
32 0.106100795756
33 0.135897435897
34 0.131443298969
35 0.0954907161804
36 0.103723404255
37 0.121372031662
38 0.122395833333
39 0.106770833333
40 0.1525
41 0.0997375328084
42 0.109042553191
43 0.138888888889
44 0.135897435897
45 0.109947643979
46 0.121134020619
47 0.104166666667
48 0.113756613757
49 0.134715025907
50 0.131782945736
51 0.107329842932
52 0.0862533692722
53 0.120104438642
54 0.147582697201
55 0.125
56 0.130102040816
57 0.131105398458
58 0.130102040816
59 0.104166666667
60 0.108808290155
61 0.122448979592
62 0.114285714286
63 0.146153846154
64 0.129198966408
65 0.088471849866
66 0.0904255319149
67 0.0971128608924
68 0.11345646438
69 0.0994764397906
70 0.104438642298
71 0.104438642298
72 0.0997375328084
73 0.114882506527
74 0.0921052631579
75 0.0899470899471
76 0.120204603581
77 0.161764705882
78 0.115183246073
79 0.0976253298153
80 0.150753768844
81 0.131782945736
82 0.121761658031
83 0.0826666666667
84 0.124031007752
85 0.10621761658
86 0.135897435897
87 0.102094240838
88 0.143939393939
89 0.115183246073
90 0.106666666667
91 0.12987012987
92 0.117948717949
93 0.113402061856
94 0.105540897098
95 0.127272727273
96 0.0918635170604
97 0.0873015873016
98 0.115789473684
99 0.0949868073879
100 0.105398457584
101 0.104712041885
102 0.124675324675
103 0.123393316195
104 0.123076923077
105 0.143222506394
106 0.112860892388
107 0.156962025316
108 0.0947368421053
109 0.15037593985
110 0.0904255319149
111 0.125964010283
112 0.14824120603
113 0.0904255319149
114 0.113695090439
115 0.114882506527
116 0.115979381443
117 0.143222506394
118 0.141025641026
119 0.137404580153
120 0.130208333333
121 0.136363636364
122 0.0997375328084
123 0.103896103896
124 0.102362204724
125 0.1015625
126 0.10182767624
127 0.127551020408
128 0.124031007752
129 0.0725806451613
130 0.0944881889764
131 0.113695090439
132 0.100529100529
133 0.132124352332
134 0.108808290155
135 0.0848806366048
136 0.111111111111
137 0.0875331564987
138 0.0989583333333
139 0.111398963731
140 0.0875331564987
141 0.101298701299
142 0.113110539846
143 0.139240506329
144 0.0992167101828
145 0.0851063829787
146 0.114285714286
147 0.0909090909091
148 0.111688311688
149 0.123076923077
150 0.146464646465
151 0.107329842932
152 0.134366925065
153 0.125
154 0.125641025641
155 0.117948717949
156 0.10621761658
157 0.1171875
158 0.107894736842
159 0.106493506494
160 0.108808290155
161 0.102094240838
162 0.10824742268
163 0.0877659574468
164 0.111111111111
165 0.102362204724
166 0.0851063829787
167 0.0679347826087
168 0.113989637306
169 0.10103626943
170 0.0773333333333
171 0.115089514066
172 0.0923482849604
173 0.113402061856
174 0.111688311688
175 0.146464646465
176 0.14175257732
177 0.115789473684
178 0.105128205128
179 0.1015625
