1 0.188778691564
2 0.195330142573
3 0.201279112879
4 0.201957430314
5 0.202479861135
6 0.203571067444
7 0.203882840675
8 0.203882840675
9 0.203697461997
10 0.203908119586
11 0.203865988068
12 0.20391654589
13 0.204519026593
14 0.204514813442
15 0.204472681924
16 0.204481108227
17 0.204674913209
18 0.205066736324
19 0.205433280528
20 0.204872931342
21 0.20496140753
22 0.205172065118
23 0.205075162628
24 0.205231049243
25 0.205239475547
26 0.20496140753
27 0.204822373521
28 0.204586437022
29 0.204872931342
30 0.205184704574
31 0.204620142236
32 0.205020391655
33 0.204776028852
34 0.204877144494
35 0.204910849708
36 0.20522262294
37 0.205092015235
38 0.205138359904
39 0.204860291887
40 0.204797094611
41 0.204586437022
42 0.205003539047
43 0.2047718157
44 0.20488978395
45 0.204805520914
46 0.204822373521
47 0.204552731808
48 0.204952981226
49 0.205058310021
50 0.205256328154
51 0.205302672823
52 0.205197344029
53 0.205172065118
54 0.205138359904
55 0.204864505039
56 0.205045670565
57 0.204944554923
58 0.20496140753
59 0.204746536789
60 0.204826586673
61 0.204611715932
62 0.204304155853
63 0.204337861067
64 0.204872931342
65 0.205092015235
66 0.205066736324
67 0.205188917726
68 0.205268967609
69 0.205302672823
70 0.205378509555
71 0.205020391655
72 0.205020391655
73 0.205458559439
74 0.205433280528
75 0.205062523172
76 0.205125720449
77 0.204978260137
78 0.205184704574
79 0.205188917726
80 0.204995112744
81 0.205083588931
82 0.205319525431
83 0.205011965351
84 0.204856078735
85 0.204944554923
86 0.204885570798
87 0.204995112744
88 0.205205770333
89 0.205302672823
90 0.205386935859
91 0.204957194378
92 0.205087802083
93 0.205083588931
94 0.204813947218
95 0.20491506286
96 0.205353230645
97 0.205197344029
98 0.205070949476
99 0.204695978968
100 0.205264754458
101 0.205172065118
102 0.205205770333
103 0.205205770333
104 0.205138359904
105 0.205302672823
106 0.204813947218
107 0.205100441538
108 0.20498668644
109 0.205092015235
110 0.205231049243
111 0.204995112744
112 0.204910849708
113 0.204877144494
114 0.204561158111
115 0.204877144494
116 0.204805520914
117 0.204822373521
118 0.205066736324
119 0.204396845192
120 0.204422124103
121 0.204952981226
122 0.205205770333
123 0.204830799825
124 0.204872931342
125 0.205361656948
126 0.205302672823
127 0.205243688699
128 0.20472547103
129 0.204974046985
130 0.204780242003
131 0.20472547103
132 0.204683339513
133 0.20488978395
134 0.204523239745
135 0.204615929084
136 0.204856078735
137 0.204632781691
138 0.204864505039
139 0.204679126361
140 0.20515099936
141 0.205361656948
142 0.205298459672
143 0.205302672823
144 0.205172065118
145 0.204830799825
146 0.204788668307
147 0.204797094611
148 0.204927702316
149 0.205083588931
150 0.204632781691
151 0.204797094611
152 0.204763389396
153 0.205138359904
154 0.20529424652
155 0.205070949476
156 0.20529424652
157 0.205138359904
158 0.205003539047
159 0.204573797566
160 0.205049883717
161 0.204586437022
162 0.204877144494
163 0.204813947218
164 0.204805520914
165 0.204754963093
166 0.205011965351
167 0.20432100846
168 0.204649634298
169 0.204683339513
170 0.205155212511
171 0.205075162628
172 0.205172065118
173 0.205197344029
174 0.205146786208
175 0.205172065118
176 0.204717044727
177 0.205045670565
