1 0.188492197243
2 0.194929893154
3 0.200562877077
4 0.202227072028
5 0.202559911018
6 0.202690518723
7 0.203874414372
8 0.203794364488
9 0.203533149078
10 0.203769085578
11 0.204021874684
12 0.204021874684
13 0.204144056085
14 0.203996595773
15 0.203748019819
16 0.203912332738
17 0.204051366746
18 0.203844922309
19 0.204072432505
20 0.204291516398
21 0.204299942701
22 0.203967103711
23 0.204257811183
24 0.204072432505
25 0.204219892817
26 0.204152482389
27 0.204089285112
28 0.204257811183
29 0.204047153595
30 0.204194613907
31 0.204544305504
32 0.204674913209
33 0.204544305504
34 0.204451616165
35 0.204978260137
36 0.204944554923
37 0.204573797566
38 0.204535879201
39 0.204519026593
40 0.204910849708
41 0.20462856854
42 0.204636994843
43 0.204603289629
44 0.204514813442
45 0.204813947218
46 0.204497960835
47 0.204481108227
48 0.204839226128
49 0.204780242003
50 0.204805520914
51 0.204683339513
52 0.204780242003
53 0.204910849708
54 0.204885570798
55 0.204885570798
56 0.204691765816
57 0.204636994843
58 0.20462856854
59 0.20465384745
60 0.204270450639
61 0.204127203478
62 0.204165121844
63 0.204160908693
64 0.20462856854
65 0.204839226128
66 0.204780242003
67 0.204813947218
68 0.204944554923
69 0.204708618423
70 0.204594863325
71 0.204805520914
72 0.204780242003
73 0.204679126361
74 0.20443897671
75 0.204333647915
76 0.204447403013
77 0.20436735313
78 0.204544305504
79 0.20472547103
80 0.20488978395
81 0.20470019212
82 0.204076645657
83 0.204122990327
84 0.204253598032
85 0.204708618423
86 0.204565371263
87 0.204805520914
88 0.204691765816
89 0.204519026593
90 0.204304155853
91 0.204674913209
92 0.204978260137
93 0.204910849708
94 0.204780242003
95 0.204586437022
96 0.20462856854
97 0.204148269237
98 0.204594863325
99 0.204679126361
100 0.204434763558
101 0.204780242003
102 0.205117294145
103 0.204830799825
104 0.204561158111
105 0.204325221612
106 0.20443897671
107 0.204780242003
108 0.204754963093
109 0.204952981226
110 0.204885570798
111 0.204936128619
112 0.204818160369
113 0.204594863325
114 0.204548518656
115 0.204780242003
116 0.204599076477
117 0.204519026593
118 0.204620142236
119 0.20436735313
120 0.204308369005
121 0.204805520914
122 0.205041457413
123 0.204813947218
124 0.204944554923
125 0.204620142236
126 0.204856078735
127 0.204645421147
128 0.204594863325
129 0.204864505039
130 0.204813947218
131 0.204780242003
132 0.204750749941
133 0.20443897671
134 0.204864505039
135 0.204695978968
136 0.204586437022
137 0.205041457413
138 0.204995112744
139 0.204594863325
140 0.204569584415
141 0.204384205737
142 0.204620142236
143 0.204485321379
144 0.20472547103
145 0.204561158111
146 0.20443897671
147 0.204674913209
148 0.204759176245
149 0.204594863325
150 0.204805520914
151 0.204181974451
152 0.204776028852
153 0.204969833833
154 0.204565371263
155 0.204729684182
156 0.204910849708
157 0.20462856854
158 0.20462856854
159 0.204776028852
160 0.204240958576
161 0.204662273754
162 0.204813947218
163 0.204910849708
164 0.204556944959
165 0.204872931342
166 0.204952981226
167 0.205100441538
168 0.204620142236
169 0.204674913209
170 0.204573797566
171 0.204674913209
172 0.204822373521
173 0.204224105969
174 0.204569584415
175 0.204780242003
176 0.204780242003
177 0.204544305504
