1 0.309045226131
2 0.320895522388
3 0.29797979798
4 0.261194029851
5 0.26
6 0.259351620948
7 0.256926952141
8 0.2575
9 0.256857855362
10 0.26
11 0.258145363409
12 0.260545905707
13 0.256281407035
14 0.261845386534
15 0.198412698413
16 0.186486486486
17 0.155555555556
18 0.173441734417
19 0.189839572193
20 0.177897574124
21 0.155988857939
22 0.162534435262
23 0.143258426966
24 0.123655913978
25 0.00501253132832
26 0.00501253132832
27 0.005
28 0.0075
29 0.00501253132832
30 0.01
31 0.00501253132832
32 0.014888337469
33 0.00751879699248
34 0.0385604113111
35 0.162983425414
36 0.160664819945
37 0.176151761518
38 0.175202156334
39 0.15
40 0.165311653117
41 0.176630434783
42 0.167567567568
43 0.15512465374
44 0.122666666667
45 0.00995024875622
46 0.00995024875622
47 0.00997506234414
48 0.00503778337531
49 0.0074812967581
50 0.0075
51 0.00997506234414
52 0.0075
53 0.00997506234414
54 0.0485933503836
55 0.145251396648
56 0.173441734417
57 0.152777777778
58 0.169398907104
59 0.185483870968
60 0.157458563536
61 0.162087912088
62 0.176943699732
63 0.171662125341
64 0.132625994695
65 0.005
66 0.00997506234414
67 0.00751879699248
68 0.00501253132832
69 0.0075
70 0.0074812967581
71 0.00502512562814
72 0.00997506234414
73 0.00502512562814
74 0.0482233502538
75 0.158333333333
76 0.172131147541
77 0.16348773842
78 0.182795698925
79 0.162087912088
80 0.156862745098
81 0.15
82 0.163888888889
83 0.158774373259
84 0.121693121693
85 0.00502512562814
86 0.00498753117207
87 0.00751879699248
88 0.00501253132832
89 0.00997506234414
90 0.0124688279302
91 0.0075
92 0.0075
93 0.00501253132832
94 0.0562659846547
95 0.183288409704
96 0.169863013699
97 0.159340659341
98 0.178861788618
99 0.165289256198
100 0.196808510638
101 0.169863013699
102 0.168508287293
103 0.160664819945
104 0.119047619048
105 0.00502512562814
106 0.0
107 0.00501253132832
108 0.00503778337531
109 0.00995024875622
110 0.00498753117207
111 0.00502512562814
112 0.0124378109453
113 0.0075
114 0.0612244897959
115 0.170731707317
116 0.169398907104
117 0.1689373297
118 0.193633952255
119 0.165745856354
120 0.185483870968
121 0.160664819945
122 0.153631284916
123 0.181318681319
124 0.131506849315
125 0.00751879699248
126 0.005
127 0.0125
128 0.00997506234414
129 0.00751879699248
130 0.00751879699248
131 0.0075
132 0.00498753117207
133 0.0124378109453
134 0.0588235294118
135 0.189944134078
136 0.196675900277
137 0.201657458564
138 0.204918032787
139 0.179271708683
140 0.198895027624
141 0.180281690141
142 0.238726790451
143 0.211956521739
144 0.137931034483
145 0.00502512562814
146 0.00995024875622
147 0.00501253132832
148 0.0075
149 0.01
150 0.0124378109453
151 0.00501253132832
152 0.00498753117207
153 0.005
154 0.0737913486005
155 0.203342618384
156 0.212534059946
157 0.184659090909
158 0.233595800525
159 0.192634560907
160 0.196629213483
161 0.204419889503
162 0.204986149584
163 0.211956521739
164 0.110192837466
165 0.00501253132832
166 0.00502512562814
167 0.00501253132832
168 0.00502512562814
169 0.0075
170 0.00501253132832
171 0.0074812967581
172 0.0075
173 0.00997506234414
174 0.074358974359
175 0.233421750663
176 0.183615819209
177 0.222826086957
178 0.201680672269
179 0.182336182336
