1 0.107224712663
2 0.113662408575
3 0.119105800667
4 0.120706798342
5 0.121326131653
6 0.121692675857
7 0.121208163403
8 0.121562068152
9 0.121692675857
10 0.121667396946
11 0.121401968385
12 0.121490444572
13 0.121431460447
14 0.121482018268
15 0.121401968385
16 0.121482018268
17 0.121717954768
18 0.121401968385
19 0.121507297179
20 0.121351410563
21 0.121347197411
22 0.121203950251
23 0.121254508072
24 0.12103542418
25 0.121376689474
26 0.121300852742
27 0.121507297179
28 0.121376689474
29 0.121376689474
30 0.121612625973
31 0.121570494455
32 0.121444099902
33 0.121359836867
34 0.121305065894
35 0.121431460447
36 0.121743233678
37 0.121587347063
38 0.121545215545
39 0.121427247295
40 0.121393542081
41 0.121157605582
42 0.12103542418
43 0.121229229162
44 0.121262934376
45 0.120993292662
46 0.121385115777
47 0.121587347063
48 0.121326131653
49 0.121376689474
50 0.121326131653
51 0.121166031885
52 0.121376689474
53 0.121043850484
54 0.121507297179
55 0.121856988776
56 0.121726381071
57 0.121768512589
58 0.121385115777
59 0.121418820992
60 0.121692675857
61 0.121587347063
62 0.121688462705
63 0.121823283562
64 0.121637904884
65 0.121587347063
66 0.121444099902
67 0.121646331187
68 0.121768512589
69 0.121621052277
70 0.121591560214
71 0.121431460447
72 0.12134298426
73 0.121300852742
74 0.121393542081
75 0.121300852742
76 0.121524149786
77 0.120976440055
78 0.12134298426
79 0.121448313054
80 0.121334557956
81 0.121279786983
82 0.12160419967
83 0.121212376555
84 0.121220802858
85 0.121473591965
86 0.121587347063
87 0.121427247295
88 0.121085982001
89 0.121583133911
90 0.121182884492
91 0.121427247295
92 0.120879537564
93 0.121376689474
94 0.121410394688
95 0.121456739358
96 0.121010145269
97 0.121220802858
98 0.121351410563
99 0.121300852742
100 0.121351410563
101 0.121376689474
102 0.121300852742
103 0.121330344804
104 0.121410394688
105 0.121444099902
106 0.121726381071
107 0.121401968385
108 0.121473591965
109 0.121010145269
110 0.121326131653
111 0.121692675857
112 0.121553641848
113 0.121562068152
114 0.121562068152
115 0.121313492197
116 0.120993292662
117 0.121334557956
118 0.121334557956
119 0.121326131653
120 0.121351410563
121 0.121562068152
122 0.121326131653
123 0.121663183795
124 0.121448313054
125 0.12103542418
126 0.121166031885
127 0.121073342546
128 0.121435673599
129 0.120866898109
130 0.121359836867
131 0.121195523948
132 0.121498870875
133 0.121166031885
134 0.12103542418
135 0.121524149786
136 0.121717954768
137 0.121237655465
138 0.121102834609
139 0.121195523948
140 0.121359836867
141 0.12162947858
142 0.121229229162
143 0.121166031885
144 0.121064916243
145 0.121300852742
146 0.121237655465
147 0.121465165661
148 0.121098621457
149 0.12082055344
150 0.121317705349
151 0.121237655465
152 0.121043850484
153 0.121149179278
154 0.121288213287
155 0.121174458189
156 0.121300852742
157 0.12134298426
158 0.121507297179
159 0.121401968385
160 0.121456739358
161 0.121456739358
162 0.121587347063
163 0.121553641848
164 0.121545215545
165 0.121330344804
166 0.121115474064
167 0.121465165661
168 0.121166031885
169 0.121507297179
170 0.121717954768
171 0.121692675857
172 0.121709528464
173 0.121549428697
174 0.121456739358
175 0.121524149786
176 0.121646331187
177 0.121359836867
