1 0.313432835821
2 0.324189526185
3 0.301507537688
4 0.264851485149
5 0.255
6 0.258145363409
7 0.263027295285
8 0.256281407035
9 0.256857855362
10 0.2575
11 0.259351620948
12 0.256281407035
13 0.2575
14 0.242268041237
15 0.180592991914
16 0.173076923077
17 0.171662125341
18 0.197889182058
19 0.173913043478
20 0.165289256198
21 0.169863013699
22 0.186991869919
23 0.165745856354
24 0.195822454308
25 0.190981432361
26 0.175824175824
27 0.172131147541
28 0.165745856354
29 0.182065217391
30 0.160220994475
31 0.15
32 0.148044692737
33 0.157458563536
34 0.158774373259
35 0.176630434783
36 0.163434903047
37 0.173076923077
38 0.169863013699
39 0.16620498615
40 0.176151761518
41 0.168508287293
42 0.146892655367
43 0.169398907104
44 0.196850393701
45 0.188172043011
46 0.174386920981
47 0.181571815718
48 0.174863387978
49 0.167582417582
50 0.153846153846
51 0.161111111111
52 0.15512465374
53 0.161643835616
54 0.160664819945
55 0.158333333333
56 0.159779614325
57 0.162983425414
58 0.167123287671
59 0.166666666667
60 0.181081081081
61 0.169398907104
62 0.153424657534
63 0.0545454545455
64 0.169863013699
65 0.190476190476
66 0.164864864865
67 0.169863013699
68 0.164383561644
69 0.172043010753
70 0.146892655367
71 0.16620498615
72 0.185676392573
73 0.189973614776
74 0.188679245283
75 0.173441734417
76 0.134285714286
77 0.126074498567
78 0.170731707317
79 0.14606741573
80 0.183783783784
81 0.163888888889
82 0.155988857939
83 0.16621253406
84 0.168044077135
85 0.164835164835
86 0.162087912088
87 0.174731182796
88 0.158774373259
89 0.157024793388
90 0.177111716621
91 0.15406162465
92 0.149295774648
93 0.157458563536
94 0.169398907104
95 0.172131147541
96 0.157894736842
97 0.156593406593
98 0.159779614325
99 0.165745856354
100 0.169863013699
101 0.156424581006
102 0.160220994475
103 0.176151761518
104 0.195767195767
105 0.169398907104
106 0.174262734584
107 0.174863387978
108 0.181081081081
109 0.158774373259
110 0.195767195767
111 0.180107526882
112 0.154269972452
113 0.165745856354
114 0.151260504202
115 0.171195652174
116 0.181571815718
117 0.165745856354
118 0.181571815718
119 0.17032967033
120 0.172131147541
121 0.166666666667
122 0.150837988827
123 0.159779614325
124 0.150837988827
125 0.193121693122
126 0.17032967033
127 0.175675675676
128 0.157894736842
129 0.168975069252
130 0.164835164835
131 0.148044692737
132 0.148459383754
133 0.164835164835
134 0.197889182058
135 0.189839572193
136 0.158774373259
137 0.191489361702
138 0.148459383754
139 0.169398907104
140 0.176630434783
141 0.170731707317
142 0.160220994475
143 0.162983425414
144 0.167123287671
145 0.179347826087
146 0.166666666667
147 0.187830687831
148 0.174386920981
149 0.178378378378
150 0.148876404494
151 0.155555555556
152 0.162534435262
153 0.173076923077
154 0.168044077135
155 0.190981432361
156 0.175342465753
157 0.173913043478
158 0.17032967033
159 0.172602739726
160 0.183288409704
161 0.178378378378
162 0.183783783784
163 0.189333333333
164 0.171662125341
165 0.169863013699
166 0.173913043478
167 0.167582417582
168 0.164383561644
169 0.183288409704
170 0.183783783784
171 0.184986595174
172 0.171662125341
173 0.181081081081
174 0.170731707317
175 0.176470588235
176 0.180592991914
177 0.154494382022
178 0.196335078534
179 0.158774373259
