1 0.188353163234
2 0.195073140315
3 0.198363611851
4 0.201704641208
5 0.202029053895
6 0.202315548215
7 0.202783208062
8 0.202437729617
9 0.202366106037
10 0.202652600357
11 0.202812700125
12 0.202618895143
13 0.202669452964
14 0.202404024403
15 0.202197579966
16 0.202463008527
17 0.202488287438
18 0.202463008527
19 0.202661026661
20 0.203558427989
21 0.20375223297
22 0.20375223297
23 0.203444672891
24 0.203427820284
25 0.203760659274
26 0.203385688766
27 0.203335130945
28 0.203385688766
29 0.203811217095
30 0.203436246587
31 0.203330917793
32 0.203550001685
33 0.203566854292
34 0.204064006202
35 0.203882840675
36 0.203891266979
37 0.203891266979
38 0.203638477873
39 0.203874414372
40 0.203575280596
41 0.203558427989
42 0.203533149078
43 0.20346573865
44 0.20365533048
45 0.203339344097
46 0.203672183087
47 0.203364623007
48 0.203541575382
49 0.203857561765
50 0.203701675149
51 0.20349101756
52 0.203705888301
53 0.203482591257
54 0.203217162695
55 0.203672183087
56 0.203284573123
57 0.203924972193
58 0.204047153595
59 0.203908119586
60 0.203853348613
61 0.203785938185
62 0.204030300988
63 0.2041777613
64 0.203908119586
65 0.203933398497
66 0.204047153595
67 0.203811217095
68 0.204021874684
69 0.204160908693
70 0.204030300988
71 0.204118777175
72 0.204118777175
73 0.203882840675
74 0.203983956318
75 0.203794364488
76 0.204030300988
77 0.203697461997
78 0.203811217095
79 0.2041777613
80 0.20451060029
81 0.204228319121
82 0.204299942701
83 0.204430550406
84 0.203958677407
85 0.203794364488
86 0.20372695406
87 0.204064006202
88 0.203996595773
89 0.204114564023
90 0.203861774917
91 0.204194613907
92 0.203794364488
93 0.204118777175
94 0.204160908693
95 0.203878627524
96 0.20391654589
97 0.203891266979
98 0.204194613907
99 0.20451060029
100 0.2041777613
101 0.204118777175
102 0.20424938488
103 0.2041777613
104 0.204118777175
105 0.204342074219
106 0.204085071961
107 0.203946037952
108 0.204350500522
109 0.204139842934
110 0.204342074219
111 0.203790151336
112 0.203878627524
113 0.20391654589
114 0.204156695541
115 0.204388418888
116 0.204780242003
117 0.204544305504
118 0.204422124103
119 0.204072432505
120 0.204299942701
121 0.204578010718
122 0.204527452897
123 0.204561158111
124 0.204325221612
125 0.2039418248
126 0.204257811183
127 0.204299942701
128 0.204358926826
129 0.204455829317
130 0.204649634298
131 0.204523239745
132 0.204578010718
133 0.204152482389
134 0.204262024335
135 0.203975530014
136 0.204333647915
137 0.204114564023
138 0.204169334996
139 0.204514813442
140 0.204641207995
141 0.204523239745
142 0.204194613907
143 0.204422124103
144 0.204497960835
145 0.204447403013
146 0.204544305504
147 0.204097711416
148 0.204417910951
149 0.204405271496
150 0.204569584415
151 0.204413697799
152 0.204780242003
153 0.204455829317
154 0.204489534531
155 0.203933398497
156 0.204299942701
157 0.20427466379
158 0.204544305504
159 0.204561158111
160 0.20420304021
161 0.204169334996
162 0.204358926826
163 0.204561158111
164 0.204519026593
165 0.204283090094
166 0.20436735313
167 0.204152482389
168 0.20436735313
169 0.20443897671
170 0.204830799825
171 0.204944554923
172 0.204455829317
173 0.20472547103
174 0.20443897671
175 0.204388418888
176 0.204569584415
177 0.204649634298
