1 0.105429910007
2 0.111867605919
3 0.117424753109
4 0.119910512656
5 0.12226987765
6 0.122429977418
7 0.122691192828
8 0.122560585123
9 0.122535306212
10 0.122535306212
11 0.12253109306
12 0.12253109306
13 0.122396272203
14 0.122526879908
15 0.128812902356
16 0.130831002056
17 0.131033233341
18 0.130708820655
19 0.130881559877
20 0.130873133574
21 0.130906838788
22 0.130940544002
23 0.130704607503
24 0.130611918164
25 0.130666689137
26 0.131130135832
27 0.131370285483
28 0.130691968047
29 0.13064983653
30 0.130586639253
31 0.130540294584
32 0.130481310459
33 0.130548720887
34 0.130847854663
35 0.130662475985
36 0.130750952172
37 0.130590852405
38 0.130131618861
39 0.130658262833
40 0.130999528127
41 0.130868920422
42 0.131210185716
43 0.131286022448
44 0.130831002056
45 0.130906838788
46 0.130877346726
47 0.130367555361
48 0.130131618861
49 0.130422326334
50 0.130780444235
51 0.131138562136
52 0.130860494118
53 0.130961609761
54 0.131045872797
55 0.130999528127
56 0.130729886413
57 0.131332367117
58 0.131429269608
59 0.130953183457
60 0.131146988439
61 0.130729886413
62 0.130203242442
63 0.130835215208
64 0.130788870538
65 0.13057821295
66 0.130662475985
67 0.13064983653
68 0.130637197074
69 0.130978462368
70 0.131096430618
71 0.130573999798
72 0.130561360342
73 0.131163841046
74 0.131024807038
75 0.13098267552
76 0.131033233341
77 0.131075364859
78 0.130784657386
79 0.131058512252
80 0.131538811554
81 0.131555664161
82 0.131471401126
83 0.131382924938
84 0.130683541744
85 0.13038862112
86 0.130215881897
87 0.131585156224
88 0.131660992956
89 0.13143348276
90 0.131058512252
91 0.130915265092
92 0.131155414743
93 0.131290235599
94 0.130586639253
95 0.130177963531
96 0.130030503219
97 0.130241160808
98 0.130599278708
99 0.130713033806
100 0.130527655128
101 0.130544507735
102 0.130906838788
103 0.131029020189
104 0.130797296842
105 0.130506589369
106 0.130805723145
107 0.131041659645
108 0.13072146011
109 0.130519228825
110 0.130750952172
111 0.130434965789
112 0.130481310459
113 0.130767804779
114 0.131050085948
115 0.131079578011
116 0.131307088207
117 0.130772017931
118 0.130923691395
119 0.130502376218
120 0.13067511544
121 0.13031699754
122 0.130148471469
123 0.130641410226
124 0.130620344467
125 0.130898412484
126 0.130439178941
127 0.130974249216
128 0.130822575752
129 0.130860494118
130 0.130856280967
131 0.131163841046
132 0.131332367117
133 0.130995314975
134 0.131121709528
135 0.131260743537
136 0.131142775287
137 0.130974249216
138 0.130978462368
139 0.130974249216
140 0.130590852405
141 0.130708820655
142 0.130843641511
143 0.130991101823
144 0.131319727662
145 0.130902625636
146 0.131437695912
147 0.131075364859
148 0.131294448751
149 0.131500893188
150 0.131614648286
151 0.130687754896
152 0.130582426101
153 0.131066938555
154 0.130763591628
155 0.131399777546
156 0.131071151707
157 0.131096430618
158 0.131083791162
159 0.131357646028
160 0.130970036065
161 0.130902625636
162 0.13093633085
163 0.130843641511
164 0.130852067815
165 0.130784657386
166 0.1304602447
167 0.131088004314
168 0.131328153965
169 0.131340793421
170 0.131146988439
171 0.131260743537
172 0.130822575752
173 0.130991101823
174 0.131012167582
175 0.131264956689
176 0.131075364859
