1 0.105025447437
2 0.111446290741
3 0.116931814352
4 0.118587582999
5 0.12039502511
6 0.120685732583
7 0.120862684957
8 0.120681519431
9 0.120711011493
10 0.120647814217
11 0.120841619198
12 0.121102834609
13 0.121380902626
14 0.121642118036
15 0.121621052277
16 0.121831709866
17 0.121781152044
18 0.121300852742
19 0.12122501601
20 0.121469378813
21 0.12103542418
22 0.121401968385
23 0.121085982001
24 0.121562068152
25 0.121583133911
26 0.121621052277
27 0.121444099902
28 0.12143988675
29 0.121406181536
30 0.12148623142
31 0.121541002393
32 0.121549428697
33 0.121477805116
34 0.121734807375
35 0.121667396946
36 0.121907546597
37 0.121743233678
38 0.121717954768
39 0.121814857258
40 0.121751659982
41 0.121528362938
42 0.121587347063
43 0.12129663959
44 0.121553641848
45 0.121848562473
46 0.121798004651
47 0.121789578348
48 0.121562068152
49 0.122042367454
50 0.121768512589
51 0.121633691732
52 0.121920186053
53 0.121098621457
54 0.121595773366
55 0.121713741616
56 0.121996022785
57 0.121566281304
58 0.12193703866
59 0.122383632748
60 0.122071859517
61 0.122038154302
62 0.121970743874
63 0.121751659982
64 0.12200866224
65 0.122253025043
66 0.122231959284
67 0.121456739358
68 0.121380902626
69 0.121553641848
70 0.121772725741
71 0.122004449088
72 0.121962317571
73 0.122092925276
74 0.122033941151
75 0.12181907041
76 0.121768512589
77 0.121545215545
78 0.121974957026
79 0.122143483097
80 0.122177188311
81 0.121945464963
82 0.121174458189
83 0.121389328929
84 0.122033941151
85 0.12200866224
86 0.1217937915
87 0.12174744683
88 0.122021301695
89 0.121861201928
90 0.121616839125
91 0.121553641848
92 0.121743233678
93 0.121321918501
94 0.121330344804
95 0.121751659982
96 0.121671610098
97 0.121848562473
98 0.121852775624
99 0.121288213287
100 0.121473591965
101 0.121616839125
102 0.122122417338
103 0.122076072668
104 0.121717954768
105 0.121831709866
106 0.122076072668
107 0.121764299437
108 0.12219825407
109 0.12200866224
110 0.122012875392
111 0.12219825407
112 0.121503084027
113 0.121751659982
114 0.121814857258
115 0.122038154302
116 0.121418820992
117 0.121208163403
118 0.121953891267
119 0.121545215545
120 0.121536789241
121 0.121798004651
122 0.121730594223
123 0.121899120294
124 0.122021301695
125 0.12205500691
126 0.121705315312
127 0.121806430955
128 0.121650544339
129 0.12212663049
130 0.12208028582
131 0.122021301695
132 0.121962317571
133 0.121882267687
134 0.122017088544
135 0.122354140686
136 0.122307796016
137 0.122290943409
138 0.122278303954
139 0.121722167919
140 0.122320435471
141 0.121722167919
142 0.121831709866
143 0.121979170178
144 0.121996022785
145 0.121798004651
146 0.121233442314
147 0.121814857258
148 0.121924399205
149 0.121764299437
150 0.122244598739
151 0.121827496714
152 0.121654757491
153 0.121831709866
154 0.121873841383
155 0.121798004651
156 0.121789578348
157 0.121958104419
158 0.122012875392
159 0.121781152044
160 0.122219319829
161 0.121806430955
162 0.121465165661
163 0.121848562473
164 0.121831709866
165 0.121882267687
166 0.121941251812
167 0.12181907041
168 0.12174744683
169 0.122122417338
170 0.121583133911
171 0.121557855
172 0.122004449088
173 0.12234150123
174 0.121642118036
175 0.121941251812
