1 0.303258145363
2 0.329207920792
3 0.3075
4 0.25313283208
5 0.261845386534
6 0.256281407035
7 0.258706467662
8 0.2575
9 0.2575
10 0.256281407035
11 0.255639097744
12 0.263027295285
13 0.258064516129
14 0.215189873418
15 0.045
16 0.0278481012658
17 0.0348258706468
18 0.0302267002519
19 0.0203045685279
20 0.0357142857143
21 0.0227848101266
22 0.0300751879699
23 0.0203562340967
24 0.0252525252525
25 0.0277078085642
26 0.0253807106599
27 0.0377833753149
28 0.0203045685279
29 0.0253164556962
30 0.0251889168766
31 0.0227848101266
32 0.0301507537688
33 0.0227848101266
34 0.0354430379747
35 0.0277078085642
36 0.0349127182045
37 0.0227272727273
38 0.0325814536341
39 0.0301507537688
40 0.0253164556962
41 0.0380710659898
42 0.0445544554455
43 0.035
44 0.0203045685279
45 0.020253164557
46 0.0253164556962
47 0.0251889168766
48 0.0177664974619
49 0.0378787878788
50 0.0252525252525
51 0.020202020202
52 0.0253164556962
53 0.0301507537688
54 0.0277078085642
55 0.0276381909548
56 0.0177664974619
57 0.0354430379747
58 0.0203045685279
59 0.020253164557
60 0.020253164557
61 0.0275689223058
62 0.0251889168766
63 0.0178571428571
64 0.0300751879699
65 0.0329949238579
66 0.0227272727273
67 0.0203045685279
68 0.0227272727273
69 0.0252525252525
70 0.0276381909548
71 0.0252525252525
72 0.0300751879699
73 0.0356234096692
74 0.0251256281407
75 0.0277777777778
76 0.0276381909548
77 0.0178117048346
78 0.0301507537688
79 0.0276381909548
80 0.0301507537688
81 0.0329949238579
82 0.03
83 0.0228426395939
84 0.020253164557
85 0.03
86 0.0228426395939
87 0.0227272727273
88 0.0325814536341
89 0.0378787878788
90 0.0300751879699
91 0.0277777777778
92 0.0420792079208
93 0.0253164556962
94 0.0277078085642
95 0.0253164556962
96 0.0301507537688
97 0.0426065162907
98 0.0203045685279
99 0.0253164556962
100 0.0227848101266
101 0.020202020202
102 0.0277078085642
103 0.0252525252525
104 0.0252525252525
105 0.0353535353535
106 0.0227272727273
107 0.0178571428571
108 0.020253164557
109 0.0177664974619
110 0.0301507537688
111 0.0302267002519
112 0.0227848101266
113 0.0353535353535
114 0.020253164557
115 0.0302267002519
116 0.0226700251889
117 0.0277078085642
118 0.0203045685279
119 0.0251889168766
120 0.0203045685279
121 0.035175879397
122 0.0177664974619
123 0.0252525252525
124 0.0277777777778
125 0.0227272727273
126 0.0253164556962
127 0.0277078085642
128 0.0252525252525
129 0.0379746835443
130 0.0228426395939
131 0.0227848101266
132 0.0227272727273
133 0.0252525252525
134 0.0253164556962
135 0.0301507537688
136 0.0227848101266
137 0.0354430379747
138 0.0253807106599
139 0.0277078085642
140 0.0253164556962
141 0.0374064837905
142 0.0325814536341
143 0.0301507537688
144 0.0375
145 0.0502512562814
146 0.020253164557
147 0.0302267002519
148 0.0252525252525
149 0.0227848101266
150 0.0277777777778
151 0.0252525252525
152 0.0326633165829
153 0.0329949238579
154 0.0203562340967
155 0.0276381909548
156 0.0253164556962
157 0.0227272727273
158 0.0253164556962
159 0.0277777777778
160 0.0203045685279
161 0.0379746835443
162 0.0325
163 0.0303797468354
164 0.020202020202
165 0.035175879397
166 0.0253164556962
167 0.020253164557
168 0.0252525252525
169 0.0378787878788
170 0.0203562340967
171 0.0301507537688
172 0.0302267002519
173 0.0252525252525
174 0.0228426395939
175 0.0277777777778
176 0.0277078085642
177 0.0378787878788
178 0.0252525252525
179 0.0228426395939
