1 0.31328320802
2 0.316582914573
3 0.251851851852
4 0.00753768844221
5 0.0425
6 0.01
7 0.0100250626566
8 0.00502512562814
9 0.0100250626566
10 0.00501253132832
11 0.00751879699248
12 0.0125313283208
13 0.0100250626566
14 0.0100250626566
15 0.0174563591022
16 0.0125
17 0.00501253132832
18 0.00751879699248
19 0.00755667506297
20 0.0249376558603
21 0.0100755667506
22 0.01
23 0.005
24 0.00757575757576
25 0.00751879699248
26 0.01
27 0.00502512562814
28 0.00501253132832
29 0.0125313283208
30 0.00251889168766
31 0.025
32 0.0125313283208
33 0.0075
34 0.00997506234414
35 0.015037593985
36 0.0100502512563
37 0.00501253132832
38 0.00753768844221
39 0.00751879699248
40 0.0175438596491
41 0.0250626566416
42 0.00751879699248
43 0.0125
44 0.00502512562814
45 0.0100502512563
46 0.0125628140704
47 0.0075
48 0.0100502512563
49 0.00501253132832
50 0.00753768844221
51 0.00753768844221
52 0.0100755667506
53 0.00753768844221
54 0.0100250626566
55 0.0075
56 0.025
57 0.0175438596491
58 0.0075
59 0.00753768844221
60 0.00501253132832
61 0.00997506234414
62 0.0127226463104
63 0.00501253132832
64 0.0149253731343
65 0.00755667506297
66 0.00997506234414
67 0.00253164556962
68 0.0125628140704
69 0.0125313283208
70 0.00751879699248
71 0.00753768844221
72 0.0175
73 0.025
74 0.0173697270471
75 0.00502512562814
76 0.0100250626566
77 0.0100250626566
78 0.0199501246883
79 0.0124378109453
80 0.00502512562814
81 0.0075
82 0.00501253132832
83 0.00753768844221
84 0.0100250626566
85 0.0175
86 0.00501253132832
87 0.00505050505051
88 0.01
89 0.00751879699248
90 0.0149625935162
91 0.00997506234414
92 0.00997506234414
93 0.00751879699248
94 0.00251256281407
95 0.0125
96 0.00751879699248
97 0.00997506234414
98 0.00501253132832
99 0.0100250626566
100 0.00751879699248
101 0.00501253132832
102 0.0149253731343
103 0.00755667506297
104 0.00751879699248
105 0.0100250626566
106 0.00751879699248
107 0.0125
108 0.00502512562814
109 0.01
110 0.00251889168766
111 0.0075
112 0.00997506234414
113 0.00502512562814
114 0.01
115 0.0125
116 0.0100250626566
117 0.00753768844221
118 0.00501253132832
119 0.00751879699248
120 0.0074812967581
121 0.00753768844221
122 0.0125
123 0.01
124 0.0125
125 0.00251256281407
126 0.01
127 0.01
128 0.00502512562814
129 0.00751879699248
130 0.0125
131 0.0124688279302
132 0.00751879699248
133 0.00501253132832
134 0.00755667506297
135 0.0125
136 0.0100502512563
137 0.01
138 0.00505050505051
139 0.01
140 0.0125313283208
141 0.00753768844221
142 0.0149625935162
143 0.0150753768844
144 0.00505050505051
145 0.00502512562814
146 0.072864321608
147 0.00751879699248
148 0.0125313283208
149 0.00753768844221
150 0.00251889168766
151 0.00502512562814
152 0.0100502512563
153 0.00751879699248
154 0.00751879699248
155 0.00997506234414
156 0.00751879699248
157 0.00753768844221
158 0.005
159 0.00753768844221
160 0.00995024875622
161 0.0075
162 0.00502512562814
163 0.0100250626566
164 0.0074812967581
165 0.0125944584383
166 0.00252525252525
167 0.00997506234414
168 0.00751879699248
169 0.00501253132832
170 0.00501253132832
171 0.015
172 0.0075
173 0.00503778337531
174 0.015037593985
175 0.00753768844221
176 0.00251889168766
177 0.00501253132832
178 0.0174129353234
179 0.00502512562814
