1 0.305764411028
2 0.323383084577
3 0.314496314496
4 0.256857855362
5 0.214285714286
6 0.157894736842
7 0.188328912467
8 0.172506738544
9 0.179144385027
10 0.182305630027
11 0.211734693878
12 0.201058201058
13 0.214833759591
14 0.203608247423
15 0.183510638298
16 0.17027027027
17 0.184210526316
18 0.161202185792
19 0.171581769437
20 0.165760869565
21 0.19109947644
22 0.209718670077
23 0.202564102564
24 0.2225
25 0.211195928753
26 0.204663212435
27 0.260526315789
28 0.180371352785
29 0.173333333333
30 0.158469945355
31 0.169811320755
32 0.176470588235
33 0.180371352785
34 0.183510638298
35 0.164864864865
36 0.180371352785
37 0.169811320755
38 0.208651399491
39 0.185863874346
40 0.150684931507
41 0.16935483871
42 0.154471544715
43 0.20822622108
44 0.208651399491
45 0.200514138817
46 0.177718832891
47 0.153005464481
48 0.19794344473
49 0.204603580563
50 0.204081632653
51 0.185185185185
52 0.20716112532
53 0.163978494624
54 0.171581769437
55 0.162162162162
56 0.162601626016
57 0.164420485175
58 0.172413793103
59 0.177718832891
60 0.155737704918
61 0.171122994652
62 0.157608695652
63 0.188976377953
64 0.184895833333
65 0.187989556136
66 0.18253968254
67 0.186842105263
68 0.180371352785
69 0.18253968254
70 0.201030927835
71 0.182767624021
72 0.173796791444
73 0.16935483871
74 0.173796791444
75 0.167115902965
76 0.192708333333
77 0.16890080429
78 0.161725067385
79 0.164864864865
80 0.162162162162
81 0.16890080429
82 0.209595959596
83 0.204081632653
84 0.173796791444
85 0.1953125
86 0.179894179894
87 0.19689119171
88 0.162162162162
89 0.18253968254
90 0.186842105263
91 0.166219839142
92 0.197402597403
93 0.184210526316
94 0.167115902965
95 0.166219839142
96 0.157608695652
97 0.159891598916
98 0.172872340426
99 0.159459459459
100 0.167567567568
101 0.203084832905
102 0.193298969072
103 0.198453608247
104 0.177718832891
105 0.171581769437
106 0.167115902965
107 0.154891304348
108 0.164420485175
109 0.173333333333
110 0.160762942779
111 0.171581769437
112 0.159891598916
113 0.193211488251
114 0.194300518135
115 0.201030927835
116 0.201030927835
117 0.210126582278
118 0.175066312997
119 0.179894179894
120 0.212658227848
121 0.209718670077
122 0.202564102564
123 0.207594936709
124 0.198966408269
125 0.167115902965
126 0.158038147139
127 0.171122994652
128 0.167115902965
129 0.161725067385
130 0.159459459459
131 0.187989556136
132 0.206632653061
133 0.204603580563
134 0.205128205128
135 0.18253968254
136 0.186842105263
137 0.206632653061
138 0.1953125
139 0.176
140 0.171122994652
141 0.173796791444
142 0.160326086957
143 0.18253968254
144 0.183246073298
145 0.171581769437
146 0.155737704918
147 0.173796791444
148 0.162162162162
149 0.18085106383
150 0.206632653061
151 0.202564102564
152 0.198966408269
153 0.20716112532
154 0.208121827411
155 0.210659898477
156 0.190600522193
157 0.156164383562
158 0.164420485175
159 0.158469945355
160 0.199481865285
161 0.204081632653
162 0.1953125
163 0.200514138817
164 0.177718832891
165 0.160326086957
166 0.159891598916
167 0.16890080429
168 0.173333333333
169 0.171122994652
170 0.172043010753
171 0.176
172 0.167115902965
173 0.171122994652
174 0.207594936709
175 0.205128205128
176 0.192207792208
177 0.16577540107
178 0.198453608247
179 0.183246073298
