1 0.150173581853
2 0.156611277765
3 0.162088375072
4 0.164692102868
5 0.167139944049
6 0.166735481479
7 0.166984057434
8 0.166958778523
9 0.16709359938
10 0.167114665139
11 0.166823957666
12 0.167131517746
13 0.166984057434
14 0.166958778523
15 0.173286932488
16 0.175081735144
17 0.175418787286
18 0.17535559001
19 0.175317671644
20 0.175043816778
21 0.175612592268
22 0.175220769153
23 0.175052243082
24 0.17542721359
25 0.175296605885
26 0.175043816778
27 0.175241834912
28 0.175246048064
29 0.17490478277
30 0.175010111564
31 0.174984832654
32 0.175132292966
33 0.175043816778
34 0.175305032188
35 0.175199703394
36 0.174656206815
37 0.175444066197
38 0.175187063939
39 0.174719404092
40 0.175629444875
41 0.175772692035
42 0.175187063939
43 0.175246048064
44 0.174769961913
45 0.174517172807
46 0.175069095689
47 0.174900569618
48 0.174765748761
49 0.175102800903
50 0.175279753278
51 0.175557821295
52 0.175385082072
53 0.175043816778
54 0.174955340591
55 0.175115440359
56 0.175107014055
57 0.175713707911
58 0.175275540126
59 0.175258687519
60 0.175557821295
61 0.175418787286
62 0.175671576393
63 0.175296605885
64 0.175671576393
65 0.175452492501
66 0.175389295224
67 0.175102800903
68 0.175174424483
69 0.17483315919
70 0.175149145573
71 0.174963766895
72 0.175043816778
73 0.174913209073
74 0.174588796387
75 0.175250261215
76 0.175414574135
77 0.17583167616
78 0.175473558259
79 0.175456705652
80 0.175397721528
81 0.175654723786
82 0.175359803162
83 0.175494624018
84 0.174925848529
85 0.175351376858
86 0.175342950554
87 0.175490410867
88 0.175456705652
89 0.175246048064
90 0.175313458492
91 0.175351376858
92 0.175288179581
93 0.175170211332
94 0.17504802993
95 0.175224982305
96 0.175187063939
97 0.17580639725
98 0.175452492501
99 0.174824732886
100 0.175153358725
101 0.175241834912
102 0.175342950554
103 0.175115440359
104 0.175140719269
105 0.174698338333
106 0.175149145573
107 0.17549883717
108 0.175368229465
109 0.175368229465
110 0.175069095689
111 0.174942701136
112 0.175199703394
113 0.175098587752
114 0.175347163706
115 0.175460918804
116 0.175460918804
117 0.175187063939
118 0.17528396643
119 0.175182850787
120 0.175515689777
121 0.175372442617
122 0.175486197715
123 0.175031177323
124 0.175060669386
125 0.175574673902
126 0.175549394991
127 0.175574673902
128 0.175233408608
129 0.174989045805
130 0.175199703394
131 0.175540968688
132 0.175250261215
133 0.175338737403
134 0.175233408608
135 0.176097104722
136 0.175684215848
137 0.175064882537
138 0.175178637635
139 0.175423000438
140 0.175848528767
141 0.175359803162
142 0.176000202231
143 0.175730560518
144 0.17528396643
145 0.175549394991
146 0.175680002696
147 0.175414574135
148 0.175418787286
149 0.175557821295
150 0.175532542384
151 0.175557821295
152 0.175730560518
153 0.175562034447
154 0.175536755536
155 0.175515689777
156 0.175899086589
157 0.17549883717
158 0.175701068455
159 0.17594964441
160 0.17602126799
161 0.175566247599
162 0.175321884796
163 0.175347163706
164 0.174710977788
165 0.175233408608
166 0.175583100206
167 0.175583100206
168 0.17523762176
169 0.175288179581
170 0.175372442617
171 0.17535559001
172 0.175747413125
173 0.175696855304
174 0.176080252115
175 0.176130809936
176 0.176632174997
