1 0.303797468354
2 0.311720698254
3 0.289672544081
4 0.0275689223058
5 0.0375
6 0.00502512562814
7 0.005
8 0.00502512562814
9 0.04
10 0.0475
11 0.0353535353535
12 0.101265822785
13 0.0124688279302
14 0.035175879397
15 0.0455696202532
16 0.106598984772
17 0.0226130653266
18 0.0326633165829
19 0.0276381909548
20 0.0755667506297
21 0.0150753768844
22 0.0125944584383
23 0.0176767676768
24 0.0454545454545
25 0.0227848101266
26 0.035175879397
27 0.0402010050251
28 0.0508905852417
29 0.0303797468354
30 0.0150753768844
31 0.020202020202
32 0.00252525252525
33 0.0427135678392
34 0.015037593985
35 0.0506329113924
36 0.0125628140704
37 0.0428211586902
38 0.0225563909774
39 0.00501253132832
40 0.00997506234414
41 0.0227272727273
42 0.0074812967581
43 0.02
44 0.0376884422111
45 0.0151898734177
46 0.0125944584383
47 0.00498753117207
48 0.0124688279302
49 0.0427135678392
50 0.0177664974619
51 0.040404040404
52 0.005
53 0.0125313283208
54 0.0225
55 0.0506329113924
56 0.0583756345178
57 0.0125313283208
58 0.0378787878788
59 0.0329113924051
60 0.0125
61 0.0199501246883
62 0.0074812967581
63 0.0405063291139
64 0.0478589420655
65 0.0176322418136
66 0.0378787878788
67 0.0175438596491
68 0.0353535353535
69 0.0126262626263
70 0.0074812967581
71 0.0201511335013
72 0.0453400503778
73 0.02
74 0.0228426395939
75 0.0328282828283
76 0.0100250626566
77 0.0377833753149
78 0.0227272727273
79 0.0201511335013
80 0.0427135678392
81 0.0481012658228
82 0.0074812967581
83 0.0325
84 0.0837563451777
85 0.0276381909548
86 0.0505050505051
87 0.0277777777778
88 0.0304568527919
89 0.0298507462687
90 0.0378787878788
91 0.0302267002519
92 0.00751879699248
93 0.0200501253133
94 0.0176767676768
95 0.025
96 0.0661577608142
97 0.0252525252525
98 0.0407124681934
99 0.0251256281407
100 0.035175879397
101 0.0227272727273
102 0.0277078085642
103 0.0251889168766
104 0.0299251870324
105 0.0275689223058
106 0.0325814536341
107 0.0224438902743
108 0.0251256281407
109 0.0375939849624
110 0.0460358056266
111 0.0301507537688
112 0.0402010050251
113 0.0251256281407
114 0.0176767676768
115 0.0253164556962
116 0.0251256281407
117 0.0708860759494
118 0.0201511335013
119 0.0226130653266
120 0.0200501253133
121 0.0199501246883
122 0.0199501246883
123 0.0200501253133
124 0.0329113924051
125 0.0481012658228
126 0.010101010101
127 0.0175438596491
128 0.0226130653266
129 0.0150753768844
130 0.0125313283208
131 0.0225563909774
132 0.0302267002519
133 0.00503778337531
134 0.0426065162907
135 0.035175879397
136 0.0225563909774
137 0.0201005025126
138 0.0353535353535
139 0.0427135678392
140 0.0408163265306
141 0.044776119403
142 0.0326633165829
143 0.0225563909774
144 0.0201005025126
145 0.0275689223058
146 0.0250626566416
147 0.0253164556962
148 0.0224438902743
149 0.025
150 0.0304568527919
151 0.0303797468354
152 0.015037593985
153 0.0325814536341
154 0.0275689223058
155 0.00997506234414
156 0.0277078085642
157 0.040404040404
158 0.0374064837905
159 0.0100502512563
160 0.0352644836272
161 0.02
162 0.0125
163 0.0204081632653
164 0.0175
165 0.0482233502538
166 0.0074812967581
167 0.0659898477157
168 0.0175438596491
169 0.0151515151515
170 0.0150753768844
171 0.0656565656566
172 0.0459183673469
173 0.0125944584383
174 0.00501253132832
175 0.0175
176 0.00501253132832
177 0.0075
178 0.00997506234414
179 0.0406091370558
