1 0.150354747379
2 0.156923050996
3 0.162454919276
4 0.164797431663
5 0.166971417978
6 0.168724089117
7 0.17186710034
8 0.174154841754
9 0.174887930163
10 0.175941218106
11 0.179467626142
12 0.183701843675
13 0.18869864168
14 0.194247362567
15 0.19793387037
16 0.198574269439
17 0.206950015167
18 0.212435538778
19 0.21640432775
20 0.219816980687
21 0.219741143955
22 0.219880177964
23 0.219526273214
24 0.219880177964
25 0.219875964812
26 0.219888604267
27 0.219993933061
28 0.219816980687
29 0.220238295864
30 0.220183524891
31 0.222736694867
32 0.223356028178
33 0.232532272743
34 0.238645555968
35 0.248508544272
36 0.250147460312
37 0.255300144932
38 0.262213926995
39 0.266924230678
40 0.268584212478
41 0.268719033334
42 0.268849641039
43 0.268719033334
44 0.268988675048
45 0.269131922208
46 0.269418416529
47 0.269464761199
48 0.269355219252
49 0.269161414271
50 0.269393137618
51 0.269203545789
52 0.269709124001
53 0.269789173885
54 0.281333209748
55 0.293172166234
56 0.294768950757
57 0.294785803364
58 0.312148201827
59 0.312236678014
60 0.315371262934
61 0.324678115204
62 0.325069938319
63 0.324791870302
64 0.324842428124
65 0.324749738785
66 0.324783443999
67 0.324661262597
68 0.325044659409
69 0.324817149213
70 0.324918264856
71 0.325103643534
72 0.3254996798
73 0.336672958307
74 0.336757221342
75 0.337010010449
76 0.348292830901
77 0.348082173312
78 0.348322322963
79 0.348322322963
80 0.348162223196
81 0.348225420473
82 0.348322322963
83 0.348191715258
84 0.34833917557
85 0.348389733392
86 0.348423438606
87 0.348364454481
88 0.348587751525
89 0.348318109812
90 0.348583538373
91 0.348608817284
92 0.348975361488
93 0.358063129866
94 0.373925646297
95 0.378517981732
96 0.378463210759
97 0.378623310526
98 0.402811014864
99 0.403118574944
100 0.403447200782
101 0.403219690586
102 0.403392429809
103 0.40344298763
104 0.403426135023
105 0.403497758603
106 0.403278674711
107 0.403194411675
108 0.403143853854
109 0.403152280158
110 0.403185985372
111 0.40315649331
112 0.403278674711
113 0.403148067006
114 0.403089082881
115 0.403148067006
116 0.40315649331
117 0.403308166773
118 0.417203141326
119 0.417325322727
120 0.417578111834
121 0.417300043817
122 0.417856179851
123 0.41780562203
124 0.417489635647
125 0.417489635647
126 0.417540193468
127 0.417611817048
128 0.417519127709
129 0.41742643837
130 0.417540193468
131 0.417902524521
132 0.417489635647
133 0.417080959925
134 0.417161009808
135 0.4170219758
136 0.416777612997
137 0.416899794398
138 0.416739694631
139 0.4167860393
140 0.416836597122
141 0.416550102801
142 0.416609086926
143 0.416828170818
144 0.416933499612
145 0.416575381712
146 0.416866089184
147 0.41652482389
148 0.416600660622
149 0.41676076039
150 0.417131517746
151 0.416941925916
152 0.417038828407
153 0.416887154943
154 0.417017762648
155 0.41704725471
156 0.4170219758
157 0.417203141326
158 0.417097812532
159 0.417177862415
160 0.417097812532
161 0.417304256969
162 0.417026188951
163 0.417017762648
164 0.416507971283
165 0.416807105059
166 0.416933499612
167 0.417097812532
168 0.416988270585
169 0.41704725471
170 0.417097812532
171 0.417350601638
172 0.417578111834
173 0.417586538137
174 0.417253699147
175 0.417346388486
176 0.41749806195
177 0.417337962183
