1 0.3075
2 0.299492385787
3 0.244389027431
4 0.249370277078
5 0.318987341772
6 0.260101010101
7 0.227272727273
8 0.29776674938
9 0.208020050125
10 0.00501253132832
11 0.014888337469
12 0.00997506234414
13 0.00502512562814
14 0.00751879699248
15 0.01
16 0.00746268656716
17 0.01
18 0.00755667506297
19 0.005
20 0.00751879699248
21 0.01
22 0.0075
23 0.00751879699248
24 0.00997506234414
25 0.00997506234414
26 0.00501253132832
27 0.00502512562814
28 0.00997506234414
29 0.01
30 0.00751879699248
31 0.00502512562814
32 0.0075
33 0.0124688279302
34 0.00251256281407
35 0.00751879699248
36 0.00997506234414
37 0.0124688279302
38 0.00751879699248
39 0.00751879699248
40 0.00751879699248
41 0.005
42 0.00751879699248
43 0.00501253132832
44 0.01
45 0.0075
46 0.01
47 0.0075
48 0.0100250626566
49 0.01
50 0.00995024875622
51 0.00753768844221
52 0.00501253132832
53 0.00751879699248
54 0.00753768844221
55 0.0075
56 0.0100250626566
57 0.00751879699248
58 0.01
59 0.00501253132832
60 0.00997506234414
61 0.00997506234414
62 0.00502512562814
63 0.0
64 0.005
65 0.01
66 0.0074812967581
67 0.00751879699248
68 0.00751879699248
69 0.00251256281407
70 0.0124688279302
71 0.00502512562814
72 0.01
73 0.0075
74 0.00995024875622
75 0.00251889168766
76 0.00501253132832
77 0.01
78 0.0124378109453
79 0.00997506234414
80 0.00501253132832
81 0.00751879699248
82 0.00995024875622
83 0.00502512562814
84 0.01
85 0.0075
86 0.01
87 0.014888337469
88 0.00997506234414
89 0.00501253132832
90 0.01
91 0.01
92 0.014888337469
93 0.00751879699248
94 0.00502512562814
95 0.00997506234414
96 0.00997506234414
97 0.00751879699248
98 0.00251889168766
99 0.0075
100 0.01
101 0.0124688279302
102 0.0074812967581
103 0.00751879699248
104 0.0075
105 0.0075
106 0.00751879699248
107 0.0124688279302
108 0.0124069478908
109 0.00503778337531
110 0.0124069478908
111 0.00751879699248
112 0.01
113 0.00250626566416
114 0.00751879699248
115 0.01
116 0.00751879699248
117 0.0074812967581
118 0.00995024875622
119 0.00503778337531
120 0.00751879699248
121 0.005
122 0.00502512562814
123 0.00751879699248
124 0.00997506234414
125 0.0124378109453
126 0.00501253132832
127 0.0025
128 0.00751879699248
129 0.0124069478908
130 0.0075
131 0.00753768844221
132 0.00995024875622
133 0.00501253132832
134 0.00501253132832
135 0.00753768844221
136 0.00995024875622
137 0.00751879699248
138 0.0075
139 0.0075
140 0.00997506234414
141 0.0100250626566
142 0.00997506234414
143 0.00997506234414
144 0.0075
145 0.00501253132832
146 0.0075
147 0.00503778337531
148 0.00250626566416
149 0.01
150 0.00501253132832
151 0.0075
152 0.01
153 0.0075
154 0.0149625935162
155 0.0075
156 0.0124688279302
157 0.00251256281407
158 0.00502512562814
159 0.0075
160 0.0075
161 0.00997506234414
162 0.00997506234414
163 0.01
164 0.0075
165 0.00501253132832
166 0.00753768844221
167 0.00501253132832
168 0.0075
169 0.0075
170 0.00502512562814
171 0.00997506234414
172 0.00751879699248
173 0.0074812967581
174 0.00751879699248
175 0.0075
176 0.00997506234414
177 0.00502512562814
178 0.0075
179 0.00501253132832
