1 0.154247699619
2 0.1609676767
3 0.1661919849
4 0.168774646938
5 0.170994977923
6 0.172983585561
7 0.176290909704
8 0.178355354073
9 0.178624995787
10 0.179214837035
11 0.182475816509
12 0.186836428596
13 0.191887997573
14 0.197710573326
15 0.201991135529
16 0.201982709225
17 0.210510128417
18 0.215726010314
19 0.221569651825
20 0.227122585864
21 0.227202635748
22 0.227522835283
23 0.241860190772
24 0.243469614749
25 0.253496915973
26 0.259340557484
27 0.260157908929
28 0.266802049277
29 0.271777781523
30 0.273614715697
31 0.273454615929
32 0.273399844956
33 0.273998112508
34 0.28449728673
35 0.295716909906
36 0.299989045805
37 0.300144932421
38 0.318674373926
39 0.319032491826
40 0.32203225589
41 0.33003303111
42 0.330159425663
43 0.338387711079
44 0.341669756311
45 0.341973103239
46 0.347083656342
47 0.353188513263
48 0.353378105093
49 0.35353820486
50 0.353378105093
51 0.353635107351
52 0.353588762682
53 0.3542249486
54 0.363439111531
55 0.373205197344
56 0.384100407833
57 0.384327918029
58 0.384492230948
59 0.403636792612
60 0.408915871785
61 0.40904647949
62 0.40902120058
63 0.408755772018
64 0.408338669992
65 0.408376588358
66 0.408566180188
67 0.408393440965
68 0.408368162055
69 0.420923354343
70 0.42089386228
71 0.421053962048
72 0.420931780646
73 0.420708483602
74 0.420653712629
75 0.420636860022
76 0.420636860022
77 0.420653712629
78 0.420704270451
79 0.420476760255
80 0.420973912164
81 0.420973912164
82 0.421167717146
83 0.420754828272
84 0.420809599245
85 0.420400923523
86 0.420312447336
87 0.42041777613
88 0.420662138933
89 0.420792746638
90 0.420662138933
91 0.420898075432
92 0.421184569753
93 0.421209848664
94 0.421159290842
95 0.421032896289
96 0.420704270451
97 0.420923354343
98 0.420898075432
99 0.421053962048
100 0.421028683137
101 0.421138225083
102 0.42112979878
103 0.420860157066
104 0.420927567495
105 0.420700057299
106 0.420729549361
107 0.420834878156
108 0.420860157066
109 0.420649499478
110 0.420704270451
111 0.421226701271
112 0.421357308976
113 0.420910714888
114 0.420935993798
115 0.420965485861
116 0.421066601503
117 0.420935993798
118 0.420944420102
119 0.421096093566
120 0.421226701271
121 0.420957059557
122 0.420931780646
123 0.420910714888
124 0.420965485861
125 0.420805386093
126 0.420990764771
127 0.421096093566
128 0.421226701271
129 0.4210581752
130 0.42094020695
131 0.420935993798
132 0.420333513094
133 0.420598941656
134 0.420320873639
135 0.420531531228
136 0.420476760255
137 0.420531531228
138 0.420662138933
139 0.420898075432
140 0.420737975665
141 0.420582089049
142 0.42086858337
143 0.420843304459
144 0.420480973407
145 0.42037143146
146 0.420443055041
147 0.420502039165
148 0.420502039165
149 0.420818025549
150 0.420737975665
151 0.420898075432
152 0.420864370218
153 0.420809599245
154 0.420801172941
155 0.420468333951
156 0.420628433719
157 0.420603154808
158 0.420603154808
159 0.420759041424
160 0.420889649129
161 0.420881222825
162 0.420737975665
163 0.420670565236
164 0.420405136675
165 0.420565236442
166 0.420379857764
167 0.420215544845
168 0.420565236442
169 0.42053574438
170 0.42053574438
171 0.421121372476
172 0.421285685396
173 0.421315177458
174 0.420695844147
175 0.420767467727
176 0.42060736796
177 0.420923354343
