1 0.10750278068
2 0.113835147797
3 0.120357106744
4 0.124321682564
5 0.129145741346
6 0.130346489602
7 0.132541541676
8 0.139358421248
9 0.142231790758
10 0.143318783916
11 0.143579999326
12 0.14328086555
13 0.143124978934
14 0.143575786174
15 0.143310357612
16 0.143525228353
17 0.143735885942
18 0.143815935825
19 0.143702180727
20 0.143651622906
21 0.143571573022
22 0.143525228353
23 0.143605278237
24 0.143491523139
25 0.143356702282
26 0.14301965014
27 0.143369341737
28 0.143579999326
29 0.143255586639
30 0.143141831541
31 0.143415686407
32 0.143179749907
33 0.143702180727
34 0.143676901817
35 0.143710607031
36 0.143394620648
37 0.143483096835
38 0.143150257845
39 0.143285078702
40 0.143360915434
41 0.143403046951
42 0.143449391621
43 0.142960666015
44 0.143377768041
45 0.143285078702
46 0.143301931309
47 0.143213455122
48 0.14335248913
49 0.142960666015
50 0.142905895042
51 0.143483096835
52 0.143807509522
53 0.143676901817
54 0.143499949442
55 0.143622130844
56 0.143563146719
57 0.143440965317
58 0.143394620648
59 0.143588425629
60 0.143832788432
61 0.143647409754
62 0.143478883683
63 0.143579999326
64 0.143735885942
65 0.143331423371
66 0.143626343995
67 0.143546294112
68 0.143491523139
69 0.142985944926
70 0.143310357612
71 0.14361370454
72 0.14309127372
73 0.143360915434
74 0.14335248913
75 0.143474670532
76 0.143832788432
77 0.143799083218
78 0.143799083218
79 0.143773804308
80 0.143605278237
81 0.143466244228
82 0.143440965317
83 0.143588425629
84 0.143272439246
85 0.143638983451
86 0.143289291853
87 0.143491523139
88 0.143335636523
89 0.143693754424
90 0.143668475513
91 0.143344062827
92 0.143310357612
93 0.14335248913
94 0.143276652398
95 0.143293505005
96 0.143264012943
97 0.143516802049
98 0.143832788432
99 0.143483096835
100 0.143457817924
101 0.14335248913
102 0.143550507263
103 0.143579999326
104 0.143622130844
105 0.143841214736
106 0.143575786174
107 0.143508375746
108 0.143407260103
109 0.143516802049
110 0.143440965317
111 0.143301931309
112 0.143457817924
113 0.143563146719
114 0.143360915434
115 0.143428325862
116 0.143276652398
117 0.143605278237
118 0.143432539014
119 0.143499949442
120 0.143588425629
121 0.143702180727
122 0.143643196603
123 0.143799083218
124 0.143588425629
125 0.143449391621
126 0.143727459638
127 0.143719033334
128 0.143499949442
129 0.143668475513
130 0.143432539014
131 0.143474670532
132 0.143799083218
133 0.143516802049
134 0.143403046951
135 0.143579999326
136 0.143483096835
137 0.143449391621
138 0.143474670532
139 0.143335636523
140 0.143491523139
141 0.143183963059
142 0.143011223836
143 0.143335636523
144 0.143276652398
145 0.143499949442
146 0.143832788432
147 0.143858067343
148 0.143668475513
149 0.14335248913
150 0.143276652398
151 0.143483096835
152 0.143175536756
153 0.14342411271
154 0.14361370454
155 0.143693754424
156 0.143807509522
157 0.143483096835
158 0.143630557147
159 0.143596851933
160 0.143579999326
161 0.143457817924
162 0.143457817924
163 0.143719033334
164 0.143647409754
165 0.143537867808
166 0.143537867808
167 0.143369341737
168 0.143432539014
169 0.14387491995
170 0.143567359871
171 0.143693754424
172 0.143643196603
173 0.143483096835
174 0.14342411271
175 0.143272439246
176 0.143546294112
177 0.143314570764
