1 0.11880245374
2 0.125185378678
3 0.130717246958
4 0.133253564326
5 0.135212679902
6 0.137171795477
7 0.140234756817
8 0.142455087802
9 0.143596851933
10 0.143533654656
11 0.143900198861
12 0.144013953959
13 0.143971822441
14 0.143782230611
15 0.143719033334
16 0.14354208096
17 0.143432539014
18 0.143360915434
19 0.143622130844
20 0.143525228353
21 0.143567359871
22 0.143676901817
23 0.143466244228
24 0.143638983451
25 0.144169840574
26 0.143689541272
27 0.144195119485
28 0.144258316762
29 0.144355219252
30 0.144363645556
31 0.144119282753
32 0.144161414271
33 0.144068724932
34 0.144119282753
35 0.144013953959
36 0.144275169369
37 0.144494253261
38 0.144249890458
39 0.144144561664
40 0.144110856449
41 0.144152987967
42 0.144169840574
43 0.144098216994
44 0.14406451178
45 0.144094003842
46 0.144388924467
47 0.144195119485
48 0.143997101352
49 0.144275169369
50 0.144233037851
51 0.144422629681
52 0.144519532172
53 0.144591155752
54 0.14427938252
55 0.144380498163
56 0.144388924467
57 0.144329940342
58 0.144388924467
59 0.144435269136
60 0.144258316762
61 0.144144561664
62 0.144536384779
63 0.144376285011
64 0.144266743065
65 0.144616434662
66 0.14437207186
67 0.144338366645
68 0.144338366645
69 0.144321514038
70 0.144220398396
71 0.143950756682
72 0.143954969834
73 0.144275169369
74 0.144599582055
75 0.144511105868
76 0.14446897435
77 0.144616434662
78 0.144494253261
79 0.144144561664
80 0.144266743065
81 0.144553237386
82 0.144447908591
83 0.144477400654
84 0.144363645556
85 0.144039232869
86 0.14387491995
87 0.144266743065
88 0.144241464155
89 0.144258316762
90 0.144317300886
91 0.14439735077
92 0.144772321278
93 0.144608008359
94 0.144292021976
95 0.143976035593
96 0.143988675048
97 0.144355219252
98 0.144161414271
99 0.144190906333
100 0.143933904075
101 0.144351006101
102 0.144351006101
103 0.144224611547
104 0.144152987967
105 0.144060298628
106 0.144346792949
107 0.144616434662
108 0.144477400654
109 0.144452121743
110 0.144431055984
111 0.144561663689
112 0.144616434662
113 0.144355219252
114 0.144292021976
115 0.14437207186
116 0.144797600189
117 0.144300448279
118 0.144447908591
119 0.144329940342
120 0.144641713573
121 0.14446897435
122 0.144275169369
123 0.144266743065
124 0.14463328727
125 0.144452121743
126 0.144317300886
127 0.144081364387
128 0.144338366645
129 0.144266743065
130 0.144561663689
131 0.14432572719
132 0.144216185244
133 0.144283595672
134 0.144224611547
135 0.144536384779
136 0.144452121743
137 0.144477400654
138 0.14446897435
139 0.144186693181
140 0.144216185244
141 0.144502679565
142 0.144056085476
143 0.143841214736
144 0.144241464155
145 0.144502679565
146 0.144582729448
147 0.144641713573
148 0.144030806566
149 0.143664262361
150 0.143841214736
151 0.144102430146
152 0.144161414271
153 0.144452121743
154 0.144481613806
155 0.14437207186
156 0.144608008359
157 0.144738616064
158 0.14439735077
159 0.144186693181
160 0.144346792949
161 0.144186693181
162 0.144447908591
163 0.144477400654
164 0.144241464155
165 0.144422629681
166 0.144329940342
167 0.144641713573
168 0.144582729448
169 0.144388924467
170 0.14439735077
171 0.144747042367
172 0.144582729448
173 0.144270956217
174 0.144001314503
175 0.144300448279
176 0.144582729448
177 0.144477400654
