1 0.305764411028
2 0.325
3 0.301234567901
4 0.300254452926
5 0.325814536341
6 0.285353535354
7 0.31
8 0.289672544081
9 0.260545905707
10 0.26
11 0.256857855362
12 0.2625
13 0.255639097744
14 0.255
15 0.258145363409
16 0.263027295285
17 0.2575
18 0.255
19 0.25313283208
20 0.0725
21 0.0678391959799
22 0.00501253132832
23 0.0149253731343
24 0.00501253132832
25 0.1975
26 0.18045112782
27 0.189743589744
28 0.15037593985
29 0.105
30 0.0977443609023
31 0.103015075377
32 0.0909090909091
33 0.0982367758186
34 0.1
35 0.1025
36 0.095717884131
37 0.100502512563
38 0.104738154613
39 0.106965174129
40 0.0888324873096
41 0.104738154613
42 0.1025
43 0.100250626566
44 0.1
45 0.1025
46 0.102756892231
47 0.1025
48 0.0911392405063
49 0.1
50 0.1
51 0.0977443609023
52 0.10447761194
53 0.100250626566
54 0.0977443609023
55 0.1025
56 0.10447761194
57 0.1
58 0.100250626566
59 0.089058524173
60 0.0977443609023
61 0.0979899497487
62 0.0952380952381
63 0.0909090909091
64 0.0888324873096
65 0.1
66 0.0984848484848
67 0.0979899497487
68 0.106965174129
69 0.0979899497487
70 0.1
71 0.0977443609023
72 0.106699751861
73 0.103015075377
74 0.0975
75 0.0997506234414
76 0.102756892231
77 0.101990049751
78 0.095717884131
79 0.101990049751
80 0.106965174129
81 0.1025
82 0.1
83 0.104738154613
84 0.1
85 0.0979899497487
86 0.1025
87 0.10447761194
88 0.106965174129
89 0.102244389027
90 0.100250626566
91 0.101990049751
92 0.103015075377
93 0.101990049751
94 0.100250626566
95 0.1
96 0.105263157895
97 0.1
98 0.0997506234414
99 0.102756892231
100 0.102244389027
101 0.100502512563
102 0.0979899497487
103 0.0931989924433
104 0.0959595959596
105 0.101990049751
106 0.102756892231
107 0.1
108 0.1
109 0.100502512563
110 0.101990049751
111 0.100250626566
112 0.104738154613
113 0.102244389027
114 0.1
115 0.1
116 0.106699751861
117 0.1025
118 0.100250626566
119 0.1025
120 0.0954773869347
121 0.1
122 0.102244389027
123 0.1025
124 0.0977443609023
125 0.0997506234414
126 0.095
127 0.106699751861
128 0.1
129 0.100250626566
130 0.0997506234414
131 0.095717884131
132 0.101990049751
133 0.100250626566
134 0.100502512563
135 0.1
136 0.1
137 0.0979899497487
138 0.10447761194
139 0.0975
140 0.0982367758186
141 0.102244389027
142 0.104738154613
143 0.0979899497487
144 0.106699751861
145 0.100250626566
146 0.104738154613
147 0.0979899497487
148 0.1025
149 0.100250626566
150 0.1
151 0.102756892231
152 0.1025
153 0.0997506234414
154 0.1025
155 0.104738154613
156 0.104738154613
157 0.106699751861
158 0.095717884131
159 0.1025
160 0.104218362283
161 0.0979899497487
162 0.102244389027
163 0.1025
164 0.102244389027
165 0.0979899497487
166 0.0979899497487
167 0.102244389027
168 0.0997506234414
169 0.102756892231
170 0.102244389027
171 0.1
172 0.0977443609023
173 0.100250626566
174 0.0977443609023
175 0.10447761194
176 0.104738154613
177 0.0934343434343
178 0.100250626566
179 0.1
