1 0.305764411028
2 0.32
3 0.295739348371
4 0.303258145363
5 0.325
6 0.288220551378
7 0.296758104738
8 0.420654911839
9 0.574307304786
10 0.48743718593
11 0.444168734491
12 0.4625
13 0.46365914787
14 0.3
15 0.501278772379
16 0.455696202532
17 0.437810945274
18 0.383458646617
19 0.263157894737
20 0.484693877551
21 0.453164556962
22 0.45618556701
23 0.45501285347
24 0.467005076142
25 0.462915601023
26 0.427135678392
27 0.261845386534
28 0.2625
29 0.428205128205
30 0.5
31 0.479487179487
32 0.4525
33 0.457286432161
34 0.483709273183
35 0.435643564356
36 0.502564102564
37 0.43654822335
38 0.477157360406
39 0.44472361809
40 0.4625
41 0.260651629073
42 0.260651629073
43 0.26433915212
44 0.257575757576
45 0.453634085213
46 0.505
47 0.44472361809
48 0.265356265356
49 0.468671679198
50 0.502512562814
51 0.459798994975
52 0.378109452736
53 0.512626262626
54 0.528205128205
55 0.325814536341
56 0.526992287918
57 0.52806122449
58 0.369620253165
59 0.493506493506
60 0.512437810945
61 0.486146095718
62 0.255639097744
63 0.267326732673
64 0.258145363409
65 0.258145363409
66 0.260651629073
67 0.256281407035
68 0.26
69 0.41935483871
70 0.51364764268
71 0.508771929825
72 0.508728179551
73 0.34335839599
74 0.256281407035
75 0.26433915212
76 0.258793969849
77 0.256926952141
78 0.26433915212
79 0.258793969849
80 0.469849246231
81 0.531969309463
82 0.529262086514
83 0.346733668342
84 0.2625
85 0.258145363409
86 0.258145363409
87 0.2625
88 0.256281407035
89 0.256281407035
90 0.26433915212
91 0.310776942356
92 0.511392405063
93 0.52417302799
94 0.321608040201
95 0.256926952141
96 0.26
97 0.256926952141
98 0.258145363409
99 0.265
100 0.258145363409
101 0.34595959596
102 0.526854219949
103 0.266832917706
104 0.259351620948
105 0.260651629073
106 0.26
107 0.260651629073
108 0.258145363409
109 0.256281407035
110 0.454314720812
111 0.420654911839
112 0.256926952141
113 0.260651629073
114 0.261194029851
115 0.256281407035
116 0.261306532663
117 0.2575
118 0.2725
119 0.520202020202
120 0.459390862944
121 0.258145363409
122 0.265
123 0.261845386534
124 0.256281407035
125 0.258793969849
126 0.26368159204
127 0.258145363409
128 0.259445843829
129 0.28927680798
130 0.505050505051
131 0.424623115578
132 0.261194029851
133 0.258145363409
134 0.258793969849
135 0.261845386534
136 0.258145363409
137 0.260651629073
138 0.261194029851
139 0.390428211587
140 0.517948717949
141 0.266169154229
142 0.2575
143 0.255639097744
144 0.266169154229
145 0.258145363409
146 0.261306532663
147 0.261194029851
148 0.27135678392
149 0.510101010101
150 0.345864661654
151 0.261845386534
152 0.256281407035
153 0.256281407035
154 0.2625
155 0.265664160401
156 0.261845386534
157 0.26433915212
158 0.407594936709
159 0.470588235294
160 0.26
161 0.267326732673
162 0.256281407035
163 0.260651629073
164 0.26368159204
165 0.2625
166 0.258793969849
167 0.264851485149
168 0.257575757576
169 0.39798488665
170 0.436868686869
171 0.26
172 0.258793969849
173 0.26368159204
174 0.2625
175 0.258793969849
176 0.26433915212
177 0.260651629073
178 0.303482587065
179 0.503778337531
