1 0.314356435644
2 0.318181818182
3 0.300248138958
4 0.302267002519
5 0.323232323232
6 0.298507462687
7 0.291457286432
8 0.41475826972
9 0.33
10 0.273869346734
11 0.28391959799
12 0.26
13 0.256281407035
14 0.276119402985
15 0.31328320802
16 0.381909547739
17 0.338345864662
18 0.276381909548
19 0.3075
20 0.258145363409
21 0.3125
22 0.310776942356
23 0.331683168317
24 0.329974811083
25 0.292929292929
26 0.285
27 0.26
28 0.255639097744
29 0.335877862595
30 0.338345864662
31 0.263819095477
32 0.277777777778
33 0.275
34 0.342569269521
35 0.296019900498
36 0.298994974874
37 0.3
38 0.313131313131
39 0.337531486146
40 0.288607594937
41 0.261306532663
42 0.26
43 0.263157894737
44 0.261845386534
45 0.273182957393
46 0.298734177215
47 0.26433915212
48 0.259445843829
49 0.274559193955
50 0.31421446384
51 0.304020100503
52 0.285353535354
53 0.280397022333
54 0.314070351759
55 0.280701754386
56 0.258145363409
57 0.285714285714
58 0.268170426065
59 0.28391959799
60 0.256926952141
61 0.26
62 0.258793969849
63 0.256281407035
64 0.260651629073
65 0.256926952141
66 0.273869346734
67 0.319201995012
68 0.282115869018
69 0.2575
70 0.26
71 0.260651629073
72 0.260651629073
73 0.266169154229
74 0.259445843829
75 0.261845386534
76 0.265
77 0.336683417085
78 0.321608040201
79 0.3525
80 0.257575757576
81 0.256926952141
82 0.261845386534
83 0.260651629073
84 0.259445843829
85 0.260651629073
86 0.261845386534
87 0.258793969849
88 0.2725
89 0.26
90 0.291457286432
91 0.266832917706
92 0.265508684864
93 0.261845386534
94 0.257575757576
95 0.26433915212
96 0.258793969849
97 0.260651629073
98 0.291770573566
99 0.424317617866
100 0.344221105528
101 0.258145363409
102 0.2625
103 0.258793969849
104 0.263157894737
105 0.258145363409
106 0.2625
107 0.26433915212
108 0.297229219144
109 0.348258706468
110 0.268844221106
111 0.260651629073
112 0.267326732673
113 0.261306532663
114 0.2625
115 0.2625
116 0.259445843829
117 0.261845386534
118 0.3075
119 0.261194029851
120 0.251256281407
121 0.263027295285
122 0.26368159204
123 0.257575757576
124 0.265508684864
125 0.258793969849
126 0.26
127 0.26
128 0.280701754386
129 0.279301745636
130 0.261306532663
131 0.258145363409
132 0.2575
133 0.26433915212
134 0.260651629073
135 0.261306532663
136 0.26
137 0.270676691729
138 0.302267002519
139 0.2625
140 0.258793969849
141 0.256281407035
142 0.260651629073
143 0.258145363409
144 0.256281407035
145 0.260651629073
146 0.29
147 0.34335839599
148 0.265151515152
149 0.265508684864
150 0.258145363409
151 0.257575757576
152 0.26368159204
153 0.260651629073
154 0.260651629073
155 0.26368159204
156 0.3525
157 0.289672544081
158 0.2625
159 0.26
160 0.261306532663
161 0.261845386534
162 0.260651629073
163 0.257575757576
164 0.261845386534
165 0.258793969849
166 0.260651629073
167 0.324189526185
168 0.281795511222
169 0.258793969849
170 0.26433915212
171 0.26368159204
172 0.256926952141
173 0.261306532663
174 0.261845386534
175 0.26
176 0.28391959799
177 0.26368159204
178 0.259445843829
179 0.255639097744
