1 0.150679160066
2 0.157394923995
3 0.162909939668
4 0.165020728707
5 0.167451717281
6 0.168943173009
7 0.172478007348
8 0.174298088914
9 0.177744447066
10 0.178005662476
11 0.178030941387
12 0.177727594459
13 0.178207893761
14 0.177917186289
15 0.177963530958
16 0.177710741852
17 0.17766018403
18 0.17766018403
19 0.17766018403
20 0.180011122721
21 0.183465907176
22 0.186629984159
23 0.19031227881
24 0.192410428393
25 0.200874650308
26 0.207560922175
27 0.210661801881
28 0.2134382689
29 0.214841248441
30 0.217234318649
31 0.217065792578
32 0.216791937713
33 0.216796150865
34 0.216909905962
35 0.216859348141
36 0.217381778961
37 0.217103710944
38 0.217099497792
39 0.217192187131
40 0.217305942229
41 0.226857157302
42 0.235051737504
43 0.235249755637
44 0.240979642051
45 0.245550911726
46 0.250990090667
47 0.251036435337
48 0.251120698372
49 0.251748457986
50 0.261299673059
51 0.261219623176
52 0.260996326132
53 0.261211196872
54 0.261303886211
55 0.26146819913
56 0.261615659443
57 0.261190131113
58 0.261215410024
59 0.261080589167
60 0.263886548249
61 0.274293033132
62 0.274381509319
63 0.289384542789
64 0.289359263878
65 0.295236610604
66 0.298560787354
67 0.300637871179
68 0.309249553406
69 0.309464424146
70 0.318522700462
71 0.318632242408
72 0.318674373926
73 0.318341534935
74 0.31889767097
75 0.318821834238
76 0.318383666453
77 0.318796555327
78 0.318927163032
79 0.318813407934
80 0.31863645556
81 0.318682800229
82 0.318665947622
83 0.318670160774
84 0.319057770737
85 0.319318986147
86 0.322209208265
87 0.337338636287
88 0.348857393239
89 0.357637601537
90 0.357907243251
91 0.357595470019
92 0.373436920692
93 0.382676362533
94 0.38221712899
95 0.38202753716
96 0.381960126732
97 0.381939060973
98 0.38217078432
99 0.382208702686
100 0.381926421517
101 0.382103373892
102 0.381972766187
103 0.382086521285
104 0.382242407901
105 0.382322457784
106 0.400005055782
107 0.400110384576
108 0.399764906131
109 0.399971350568
110 0.400051400452
111 0.400005055782
112 0.40016515555
113 0.400295763255
114 0.400321042165
115 0.405528497759
116 0.416583808015
117 0.416541676497
118 0.416600660622
119 0.416777612997
120 0.416958778523
121 0.416828170818
122 0.417000910041
123 0.417245272844
124 0.41730847012
125 0.417097812532
126 0.417249485995
127 0.417325322727
128 0.417325322727
129 0.417300043817
130 0.417333749031
131 0.417232633388
132 0.416979844282
133 0.417316896424
134 0.417291617513
135 0.417291617513
136 0.417291617513
137 0.417447504129
138 0.417717145842
139 0.417641309111
140 0.417439077825
141 0.417422225218
142 0.417464356736
143 0.417097812532
144 0.417447504129
145 0.417392733156
146 0.41721156763
147 0.417691866932
148 0.417788769423
149 0.41783090094
150 0.417822474637
151 0.417611817048
152 0.417300043817
153 0.417295830665
154 0.417455930432
155 0.417481209343
156 0.417430651522
157 0.417586538137
158 0.417611817048
159 0.417540193468
160 0.417523340861
161 0.417481209343
162 0.417072533621
163 0.417245272844
164 0.416971417978
165 0.417131517746
166 0.417215780781
167 0.417245272844
168 0.416840810273
169 0.417139944049
170 0.417186288719
171 0.417367454245
172 0.417439077825
173 0.417670801173
174 0.417460143584
175 0.417586538137
176 0.41773399845
177 0.417704506387
