1 0.150266271192
2 0.156581785702
3 0.162206343321
4 0.164847989484
5 0.167329535879
6 0.168505005224
7 0.171622737537
8 0.173712460818
9 0.175191277091
10 0.178195254306
11 0.182547440089
12 0.186520442212
13 0.191875358118
14 0.194980450976
15 0.200626074354
16 0.205066736324
17 0.210130944757
18 0.213328726954
19 0.216054636152
20 0.216821429775
21 0.216720314133
22 0.216707674677
23 0.216922545418
24 0.218064309549
25 0.222218477198
26 0.224253429506
27 0.224657892076
28 0.224400889818
29 0.224030132461
30 0.224792712933
31 0.226536957767
32 0.233147392902
33 0.238241093397
34 0.243246317705
35 0.245007415147
36 0.248567528397
37 0.253362095116
38 0.253492702821
39 0.253694934106
40 0.2532062085
41 0.253020829822
42 0.253555900098
43 0.256791600661
44 0.262534126529
45 0.262508847619
46 0.262218140146
47 0.26218022178
48 0.262420371431
49 0.262437224039
50 0.265049378139
51 0.265066230746
52 0.267366611615
53 0.271655600121
54 0.277031581786
55 0.284248710776
56 0.284370892177
57 0.291920860157
58 0.292321109576
59 0.298649263541
60 0.298640837238
61 0.298716673969
62 0.299137989147
63 0.299268596852
64 0.299104283933
65 0.298944184165
66 0.298973676228
67 0.298944184165
68 0.299416057164
69 0.29931072837
70 0.299066365567
71 0.299007381442
72 0.302491657959
73 0.315683036166
74 0.315657757255
75 0.322971788736
76 0.325887289764
77 0.325579729684
78 0.34166554316
79 0.342040513667
80 0.342196400283
81 0.353698304628
82 0.353529778557
83 0.35332333412
84 0.353137955442
85 0.353209579022
86 0.353462368128
87 0.35353820486
88 0.353559270619
89 0.353428662914
90 0.353487647039
91 0.360325592369
92 0.360717415484
93 0.360940712528
94 0.363721392699
95 0.368579156696
96 0.368890929927
97 0.373512757424
98 0.379781927264
99 0.379942027032
100 0.379722943139
101 0.379942027032
102 0.379916748121
103 0.380418113182
104 0.380434965789
105 0.380308571236
106 0.379992584853
107 0.380034716371
108 0.380203242442
109 0.380182176683
110 0.380047355826
111 0.38008106104
112 0.380047355826
113 0.380076847888
114 0.384930398733
115 0.385558158347
116 0.385697192356
117 0.390563382655
118 0.391486062894
119 0.391957935893
120 0.392269709124
121 0.40830917793
122 0.408342883144
123 0.408098520341
124 0.407837304931
125 0.408043749368
126 0.408149078162
127 0.40800161785
128 0.408081667734
129 0.408123799252
130 0.40781202602
131 0.408056388823
132 0.408186996528
133 0.407896289056
134 0.407896289056
135 0.412332737875
136 0.412610805892
137 0.41241700091
138 0.412593953285
139 0.412366443089
140 0.412564461222
141 0.412619232195
142 0.412433853517
143 0.412855168695
144 0.412825676632
145 0.41728319121
146 0.417557046075
147 0.4176160302
148 0.4176160302
149 0.417582324986
150 0.417502275102
151 0.4176160302
152 0.417430651522
153 0.41768765378
154 0.417662374869
155 0.417662374869
156 0.417662374869
157 0.417241059692
158 0.417085173076
159 0.416743907783
160 0.417034615255
161 0.416743907783
162 0.417034615255
163 0.417270551754
164 0.417565472379
165 0.417535980316
166 0.417375880549
167 0.417169436112
168 0.416849236577
169 0.417038828407
170 0.417038828407
171 0.417198928174
172 0.417144157201
173 0.416895581246
174 0.417034615255
175 0.416908220702
176 0.417371667397
177 0.417270551754
