1 0.317733990148
2 0.30612244898
3 0.300995024876
4 0.299492385787
5 0.324937027708
6 0.175
7 0.12030075188
8 0.309226932668
9 0.439393939394
10 0.53
11 0.437185929648
12 0.363408521303
13 0.464285714286
14 0.396464646465
15 0.394402035623
16 0.424552429668
17 0.437974683544
18 0.370927318296
19 0.278195488722
20 0.359296482412
21 0.39898989899
22 0.436224489796
23 0.384223918575
24 0.450881612091
25 0.338345864662
26 0.26433915212
27 0.29648241206
28 0.350746268657
29 0.44387755102
30 0.329113924051
31 0.394936708861
32 0.475703324808
33 0.423173803526
34 0.428571428571
35 0.5
36 0.412060301508
37 0.464646464646
38 0.367088607595
39 0.26368159204
40 0.256926952141
41 0.265508684864
42 0.457800511509
43 0.530769230769
44 0.432569974555
45 0.267002518892
46 0.456140350877
47 0.465
48 0.423558897243
49 0.347607052897
50 0.536708860759
51 0.464646464646
52 0.319796954315
53 0.423173803526
54 0.417910447761
55 0.371859296482
56 0.4125
57 0.501240694789
58 0.505
59 0.263157894737
60 0.261845386534
61 0.261194029851
62 0.258793969849
63 0.260651629073
64 0.267326732673
65 0.258145363409
66 0.350877192982
67 0.461538461538
68 0.508771929825
69 0.255639097744
70 0.26
71 0.258145363409
72 0.258706467662
73 0.267990074442
74 0.258793969849
75 0.334170854271
76 0.487623762376
77 0.325814536341
78 0.435768261965
79 0.335820895522
80 0.258145363409
81 0.26
82 0.261845386534
83 0.256926952141
84 0.26
85 0.261194029851
86 0.266832917706
87 0.396946564885
88 0.522727272727
89 0.479695431472
90 0.28391959799
91 0.2575
92 0.264851485149
93 0.256926952141
94 0.256926952141
95 0.264851485149
96 0.258145363409
97 0.421717171717
98 0.466165413534
99 0.421717171717
100 0.258145363409
101 0.255639097744
102 0.260651629073
103 0.265508684864
104 0.258145363409
105 0.26
106 0.261194029851
107 0.469230769231
108 0.513924050633
109 0.258793969849
110 0.258145363409
111 0.259351620948
112 0.2625
113 0.259351620948
114 0.2625
115 0.26
116 0.338383838384
117 0.503836317136
118 0.271144278607
119 0.260545905707
120 0.259351620948
121 0.258793969849
122 0.26368159204
123 0.263157894737
124 0.258145363409
125 0.259445843829
126 0.2625
127 0.324873096447
128 0.520408163265
129 0.326633165829
130 0.258145363409
131 0.256281407035
132 0.264851485149
133 0.258793969849
134 0.2625
135 0.26368159204
136 0.2625
137 0.26
138 0.26368159204
139 0.265508684864
140 0.258145363409
141 0.260651629073
142 0.2625
143 0.258145363409
144 0.265508684864
145 0.2575
146 0.260651629073
147 0.260651629073
148 0.261194029851
149 0.2625
150 0.258145363409
151 0.267990074442
152 0.258145363409
153 0.256926952141
154 0.354114713217
155 0.450381679389
156 0.273869346734
157 0.260651629073
158 0.2575
159 0.256281407035
160 0.2625
161 0.266169154229
162 0.258145363409
163 0.260651629073
164 0.26433915212
165 0.338383838384
166 0.506329113924
167 0.259351620948
168 0.260651629073
169 0.256281407035
170 0.26
171 0.261306532663
172 0.256926952141
173 0.265508684864
174 0.258145363409
175 0.344221105528
176 0.346835443038
177 0.256857855362
178 0.258145363409
179 0.26
