1 0.11889935623
2 0.125459233543
3 0.131130135832
4 0.133506353433
5 0.135726684418
6 0.137138090263
7 0.14081195861
8 0.14290168189
9 0.145737133034
10 0.145947790623
11 0.14593936432
12 0.145922511713
13 0.146048906266
14 0.145838248677
15 0.145918298561
16 0.145947790623
17 0.146078398328
18 0.146053119418
19 0.146053119418
20 0.145850888132
21 0.146314334828
22 0.146453368836
23 0.146567123934
24 0.146444942533
25 0.146634534362
26 0.146234284944
27 0.145905659105
28 0.146377532104
29 0.146326974283
30 0.146002561596
31 0.1457750514
32 0.145741346186
33 0.14596464323
34 0.145930938016
35 0.145741346186
36 0.145930938016
37 0.145930938016
38 0.145863527588
39 0.145960430079
40 0.146255350703
41 0.146230071792
42 0.145985708989
43 0.146124742998
44 0.145695001517
45 0.145863527588
46 0.146069972025
47 0.146150021908
48 0.146116316694
49 0.14653341872
50 0.14627220331
51 0.146482860899
52 0.146116316694
53 0.14627220331
54 0.146769355219
55 0.146436516229
56 0.146377532104
57 0.146541845023
58 0.146457581988
59 0.146453368836
60 0.146752502612
61 0.146470221443
62 0.146263777006
63 0.146352253194
64 0.146630321211
65 0.146411237318
66 0.14634382689
67 0.146326974283
68 0.14629748222
69 0.145977282686
70 0.146630321211
71 0.146710371094
72 0.146558697631
73 0.14627220331
74 0.146579763389
75 0.1466050423
76 0.146630321211
77 0.146588189693
78 0.146579763389
79 0.146369105801
80 0.146335400586
81 0.146655600121
82 0.146744076309
83 0.146444942533
84 0.146183727123
85 0.146246924399
86 0.146175300819
87 0.146524992416
88 0.146213219185
89 0.14634382689
90 0.146335400586
91 0.146318547979
92 0.146352253194
93 0.146369105801
94 0.146352253194
95 0.146318547979
96 0.146314334828
97 0.146103677239
98 0.146360679497
99 0.146331187435
100 0.146352253194
101 0.146217432337
102 0.146183727123
103 0.146091037784
104 0.146575550238
105 0.146840978799
106 0.147001078567
107 0.146524992416
108 0.146575550238
109 0.146710371094
110 0.14686625771
111 0.146583976541
112 0.146638747514
113 0.14686625771
114 0.146524992416
115 0.146541845023
116 0.1466050423
117 0.146322761131
118 0.146474434595
119 0.146428089926
120 0.146099464087
121 0.146394384711
122 0.146352253194
123 0.146183727123
124 0.146027840507
125 0.146238498096
126 0.146192153426
127 0.146558697631
128 0.146988439112
129 0.146714584246
130 0.146263777006
131 0.146474434595
132 0.146289055917
133 0.146377532104
134 0.146217432337
135 0.146314334828
136 0.146314334828
137 0.146508139809
138 0.146217432337
139 0.146314334828
140 0.146305908524
141 0.146369105801
142 0.146508139809
143 0.14634382689
144 0.146318547979
145 0.146318547979
146 0.146124742998
147 0.146183727123
148 0.146360679497
149 0.146086824632
150 0.14634382689
151 0.146428089926
152 0.146213219185
153 0.146238498096
154 0.146221645489
155 0.146411237318
156 0.14620057973
157 0.146213219185
158 0.146187940274
159 0.14653341872
160 0.146735650005
161 0.146638747514
162 0.146558697631
163 0.146840978799
164 0.146891536621
165 0.146840978799
166 0.146739863157
167 0.146769355219
168 0.146470221443
169 0.146394384711
170 0.146449155684
171 0.146630321211
172 0.146786207826
173 0.146840978799
174 0.146630321211
175 0.146419663622
176 0.146874684014
177 0.146883110317
