1 0.309226932668
2 0.321695760599
3 0.292191435768
4 0.307304785894
5 0.319095477387
6 0.288944723618
7 0.3025
8 0.454094292804
9 0.5775
10 0.523076923077
11 0.419847328244
12 0.479487179487
13 0.41
14 0.348370927318
15 0.452926208651
16 0.476426799007
17 0.43391521197
18 0.365914786967
19 0.261306532663
20 0.259351620948
21 0.272264631043
22 0.271099744246
23 0.266666666667
24 0.275510204082
25 0.265306122449
26 0.255
27 0.26
28 0.260651629073
29 0.255639097744
30 0.464824120603
31 0.44776119403
32 0.488721804511
33 0.471321695761
34 0.446115288221
35 0.441102756892
36 0.456359102244
37 0.26
38 0.259351620948
39 0.443609022556
40 0.281329923274
41 0.264781491003
42 0.268542199488
43 0.264781491003
44 0.265306122449
45 0.276649746193
46 0.266666666667
47 0.263565891473
48 0.277078085642
49 0.268542199488
50 0.456140350877
51 0.52806122449
52 0.443037974684
53 0.46192893401
54 0.487244897959
55 0.426767676768
56 0.51
57 0.412658227848
58 0.507653061224
59 0.255639097744
60 0.261845386534
61 0.26
62 0.258793969849
63 0.272264631043
64 0.26735218509
65 0.264102564103
66 0.270408163265
67 0.271794871795
68 0.267857142857
69 0.274111675127
70 0.262886597938
71 0.271099744246
72 0.27621483376
73 0.487113402062
74 0.523316062176
75 0.517948717949
76 0.3925
77 0.523195876289
78 0.445
79 0.428571428571
80 0.525773195876
81 0.42385786802
82 0.459183673469
83 0.264781491003
84 0.276649746193
85 0.270408163265
86 0.268041237113
87 0.270408163265
88 0.278481012658
89 0.272959183673
90 0.271099744246
91 0.275510204082
92 0.283544303797
93 0.512437810945
94 0.511278195489
95 0.3775
96 0.511221945137
97 0.511278195489
98 0.34335839599
99 0.266169154229
100 0.256281407035
101 0.26
102 0.266832917706
103 0.259351620948
104 0.262626262626
105 0.265984654731
106 0.269230769231
107 0.274111675127
108 0.272959183673
109 0.271099744246
110 0.272493573265
111 0.272264631043
112 0.274809160305
113 0.264102564103
114 0.352791878173
115 0.466334164589
116 0.510362694301
117 0.529262086514
118 0.428211586902
119 0.457070707071
120 0.507462686567
121 0.507537688442
122 0.341708542714
123 0.530612244898
124 0.426356589147
125 0.268542199488
126 0.282828282828
127 0.267857142857
128 0.272264631043
129 0.271573604061
130 0.258145363409
131 0.254408060453
132 0.26368159204
133 0.26433915212
134 0.256281407035
135 0.2625
136 0.2725
137 0.530769230769
138 0.535532994924
139 0.415816326531
140 0.254408060453
141 0.26
142 0.261306532663
143 0.26368159204
144 0.256281407035
145 0.261845386534
146 0.260651629073
147 0.265306122449
148 0.269230769231
149 0.26735218509
150 0.264781491003
151 0.270408163265
152 0.271099744246
153 0.270408163265
154 0.272264631043
155 0.269922879177
156 0.271573604061
157 0.429648241206
158 0.511392405063
159 0.324120603015
160 0.258145363409
161 0.26368159204
162 0.258145363409
163 0.257575757576
164 0.263027295285
165 0.339152119701
166 0.528205128205
167 0.284289276808
168 0.2575
169 0.256926952141
170 0.26368159204
171 0.261845386534
172 0.258145363409
173 0.26582278481
174 0.270408163265
175 0.261538461538
176 0.271099744246
177 0.274111675127
178 0.269922879177
179 0.268542199488
