1 0.312655086849
2 0.324189526185
3 0.296758104738
4 0.301265822785
5 0.331670822943
6 0.290726817043
7 0.305764411028
8 0.284263959391
9 0.255639097744
10 0.260545905707
11 0.255639097744
12 0.2575
13 0.2575
14 0.262376237624
15 0.259351620948
16 0.255
17 0.261845386534
18 0.2575
19 0.4125
20 0.51364764268
21 0.407035175879
22 0.474489795918
23 0.403553299492
24 0.421319796954
25 0.482051282051
26 0.501259445844
27 0.410256410256
28 0.270676691729
29 0.502590673575
30 0.424317617866
31 0.452685421995
32 0.460358056266
33 0.492385786802
34 0.515625
35 0.267676767677
36 0.266169154229
37 0.318066157761
38 0.537275064267
39 0.401015228426
40 0.439086294416
41 0.517857142857
42 0.401534526854
43 0.512755102041
44 0.415384615385
45 0.519379844961
46 0.467700258398
47 0.460559796438
48 0.524934383202
49 0.256281407035
50 0.26
51 0.259445843829
52 0.256281407035
53 0.490956072351
54 0.508728179551
55 0.501265822785
56 0.258145363409
57 0.3875
58 0.527272727273
59 0.542199488491
60 0.432569974555
61 0.400503778338
62 0.50626566416
63 0.508728179551
64 0.427135678392
65 0.385964912281
66 0.522727272727
67 0.533854166667
68 0.458646616541
69 0.255639097744
70 0.26
71 0.257575757576
72 0.258145363409
73 0.257575757576
74 0.26368159204
75 0.478696741855
76 0.523316062176
77 0.53488372093
78 0.541025641026
79 0.294710327456
80 0.261845386534
81 0.2625
82 0.259445843829
83 0.2625
84 0.261194029851
85 0.259445843829
86 0.507462686567
87 0.511278195489
88 0.5075
89 0.320099255583
90 0.258145363409
91 0.258145363409
92 0.258793969849
93 0.2625
94 0.258145363409
95 0.258793969849
96 0.26433915212
97 0.338345864662
98 0.535064935065
99 0.535064935065
100 0.275252525253
101 0.26368159204
102 0.26
103 0.263157894737
104 0.269801980198
105 0.258793969849
106 0.258145363409
107 0.397022332506
108 0.507537688442
109 0.50626566416
110 0.335839598997
111 0.2575
112 0.257575757576
113 0.258145363409
114 0.260651629073
115 0.258793969849
116 0.251889168766
117 0.298507462687
118 0.536269430052
119 0.49481865285
120 0.2625
121 0.259351620948
122 0.256926952141
123 0.265
124 0.258145363409
125 0.258793969849
126 0.265
127 0.3575
128 0.50626566416
129 0.455
130 0.260545905707
131 0.261845386534
132 0.260651629073
133 0.261845386534
134 0.261306532663
135 0.263157894737
136 0.26368159204
137 0.26
138 0.258227848101
139 0.501246882793
140 0.489637305699
141 0.258793969849
142 0.260651629073
143 0.261845386534
144 0.259351620948
145 0.257575757576
146 0.2625
147 0.261306532663
148 0.321608040201
149 0.509950248756
150 0.406015037594
151 0.258145363409
152 0.267990074442
153 0.258793969849
154 0.26433915212
155 0.263819095477
156 0.2625
157 0.256926952141
158 0.379396984925
159 0.512376237624
160 0.299748110831
161 0.26
162 0.266169154229
163 0.26
164 0.259445843829
165 0.260651629073
166 0.26433915212
167 0.256926952141
168 0.471321695761
169 0.3525
170 0.26
171 0.257575757576
172 0.261845386534
173 0.261306532663
174 0.258793969849
175 0.26433915212
176 0.258793969849
177 0.254408060453
178 0.278195488722
179 0.475
