1 0.306532663317
2 0.324189526185
3 0.289672544081
4 0.304020100503
5 0.332506203474
6 0.279187817259
7 0.31
8 0.294264339152
9 0.254364089776
10 0.253731343284
11 0.26
12 0.256857855362
13 0.2575
14 0.257425742574
15 0.259900990099
16 0.254408060453
17 0.255639097744
18 0.259351620948
19 0.399002493766
20 0.518987341772
21 0.405
22 0.465174129353
23 0.344913151365
24 0.456140350877
25 0.47263681592
26 0.437810945274
27 0.3875
28 0.3275
29 0.418604651163
30 0.275064267352
31 0.284987277354
32 0.275773195876
33 0.260651629073
34 0.258793969849
35 0.259351620948
36 0.274809160305
37 0.274611398964
38 0.270833333333
39 0.272040302267
40 0.305483028721
41 0.428571428571
42 0.462724935733
43 0.458762886598
44 0.522077922078
45 0.450248756219
46 0.368020304569
47 0.263027295285
48 0.257575757576
49 0.510309278351
50 0.46875
51 0.273901808786
52 0.272727272727
53 0.271317829457
54 0.276485788114
55 0.275773195876
56 0.269430051813
57 0.273901808786
58 0.280205655527
59 0.267532467532
60 0.292307692308
61 0.339285714286
62 0.532467532468
63 0.393034825871
64 0.508771929825
65 0.445
66 0.45885286783
67 0.495024875622
68 0.39898989899
69 0.538461538462
70 0.324937027708
71 0.26
72 0.2625
73 0.258793969849
74 0.265463917526
75 0.276485788114
76 0.275064267352
77 0.260759493671
78 0.26368159204
79 0.2575
80 0.258145363409
81 0.258706467662
82 0.2575
83 0.256281407035
84 0.321695760599
85 0.508771929825
86 0.511278195489
87 0.508771929825
88 0.344913151365
89 0.303258145363
90 0.519083969466
91 0.52644836272
92 0.508771929825
93 0.307304785894
94 0.438902743142
95 0.258145363409
96 0.259351620948
97 0.259351620948
98 0.256281407035
99 0.258145363409
100 0.258706467662
101 0.261845386534
102 0.261845386534
103 0.261845386534
104 0.33746898263
105 0.508771929825
106 0.4725
107 0.35101010101
108 0.530026109661
109 0.533854166667
110 0.471502590674
111 0.261845386534
112 0.259445843829
113 0.267990074442
114 0.266169154229
115 0.256926952141
116 0.265
117 0.266839378238
118 0.276923076923
119 0.274611398964
120 0.274611398964
121 0.271317829457
122 0.286075949367
123 0.271540469974
124 0.267716535433
125 0.273195876289
126 0.277202072539
127 0.4925
128 0.50626566416
129 0.514851485149
130 0.5125
131 0.508771929825
132 0.304020100503
133 0.259351620948
134 0.258227848101
135 0.26433915212
136 0.26
137 0.259445843829
138 0.263157894737
139 0.27012987013
140 0.27012987013
141 0.272727272727
142 0.276485788114
143 0.279487179487
144 0.275324675325
145 0.275324675325
146 0.291139240506
147 0.271317829457
148 0.281984334204
149 0.512376237624
150 0.510050251256
151 0.507537688442
152 0.508728179551
153 0.27680798005
154 0.259445843829
155 0.26
156 0.260651629073
157 0.261306532663
158 0.265
159 0.263157894737
160 0.261306532663
161 0.274559193955
162 0.2734375
163 0.256857855362
164 0.259351620948
165 0.2575
166 0.256281407035
167 0.2575
168 0.259351620948
169 0.255639097744
170 0.26
171 0.393034825871
172 0.511221945137
173 0.50626566416
174 0.37343358396
175 0.258706467662
176 0.26
177 0.258145363409
178 0.2625
179 0.258145363409
