1 0.301265822785
2 0.325870646766
3 0.295739348371
4 0.3075
5 0.338271604938
6 0.282828282828
7 0.30303030303
8 0.225563909774
9 0.00751879699248
10 0.005
11 0.00251256281407
12 0.0074812967581
13 0.0075
14 0.00501253132832
15 0.00498753117207
16 0.01
17 0.0124688279302
18 0.0753768844221
19 0.0372208436725
20 0.00502512562814
21 0.114427860697
22 0.005
23 0.00751879699248
24 0.00746268656716
25 0.00501253132832
26 0.0124378109453
27 0.0100755667506
28 0.00502512562814
29 0.0373134328358
30 0.0347394540943
31 0.005
32 0.005
33 0.0075
34 0.00751879699248
35 0.005
36 0.00501253132832
37 0.0074812967581
38 0.0124688279302
39 0.00501253132832
40 0.0124069478908
41 0.0074812967581
42 0.00501253132832
43 0.0075
44 0.01
45 0.005
46 0.00997506234414
47 0.0074812967581
48 0.0174129353234
49 0.0125313283208
50 0.00502512562814
51 0.01
52 0.00997506234414
53 0.0100250626566
54 0.0075
55 0.00997506234414
56 0.01
57 0.0124688279302
58 0.0124688279302
59 0.0124688279302
60 0.01
61 0.0224438902743
62 0.005
63 0.0025
64 0.00501253132832
65 0.0148514851485
66 0.005
67 0.00997506234414
68 0.00251256281407
69 0.0124378109453
70 0.0075
71 0.00502512562814
72 0.0074812967581
73 0.0074812967581
74 0.0075
75 0.00501253132832
76 0.0075
77 0.0074812967581
78 0.0075
79 0.00501253132832
80 0.0074812967581
81 0.00501253132832
82 0.00501253132832
83 0.0074812967581
84 0.0075
85 0.00501253132832
86 0.0123762376238
87 0.0300751879699
88 0.025
89 0.00751879699248
90 0.005
91 0.00502512562814
92 0.0100755667506
93 0.00995024875622
94 0.0100755667506
95 0.0125313283208
96 0.005
97 0.0075
98 0.00501253132832
99 0.00502512562814
100 0.00995024875622
101 0.005
102 0.00751879699248
103 0.00751879699248
104 0.0074812967581
105 0.0074812967581
106 0.015037593985
107 0.015037593985
108 0.0074812967581
109 0.29776674938
110 0.310606060606
111 0.314070351759
112 0.286783042394
113 0.301265822785
114 0.309045226131
115 0.285714285714
116 0.270202020202
117 0.29776674938
118 0.325757575758
119 0.32241813602
120 0.357320099256
121 0.274559193955
122 0.330827067669
123 0.31592039801
124 0.3325
125 0.313924050633
126 0.328320802005
127 0.325870646766
128 0.265508684864
129 0.266169154229
130 0.319095477387
131 0.290404040404
132 0.3525
133 0.333333333333
134 0.335839598997
135 0.0374064837905
136 0.00501253132832
137 0.00751879699248
138 0.00746268656716
139 0.0075
140 0.00250626566416
141 0.0124688279302
142 0.00992555831266
143 0.00751879699248
144 0.005
145 0.0075
146 0.00501253132832
147 0.00502512562814
148 0.00995024875622
149 0.0074812967581
150 0.00501253132832
151 0.005
152 0.00501253132832
153 0.0075
154 0.00501253132832
155 0.005
156 0.00997506234414
157 0.00751879699248
158 0.00498753117207
159 0.005
160 0.00502512562814
161 0.0074812967581
162 0.00995024875622
163 0.00502512562814
164 0.00995024875622
165 0.0075
166 0.005
167 0.0075
168 0.0074812967581
169 0.00501253132832
170 0.0075
171 0.0075
172 0.0075
173 0.005
174 0.00751879699248
175 0.0124378109453
176 0.0075
177 0.0100250626566
178 0.0174129353234
179 0.00251889168766
