1 0.148041727055
2 0.154374094172
3 0.159766928444
4 0.162218982777
5 0.164599413529
6 0.166141427079
7 0.169318143517
8 0.171433145708
9 0.145164144393
10 0.145412720348
11 0.145387441437
12 0.145256833732
13 0.145248407429
14 0.145046176143
15 0.14473018976
16 0.145151504938
17 0.145429572955
18 0.145404294044
19 0.145404294044
20 0.145315817857
21 0.145214702214
22 0.146086824632
23 0.146377532104
24 0.14634382689
25 0.146221645489
26 0.146019414203
27 0.146394384711
28 0.146326974283
29 0.146352253194
30 0.146326974283
31 0.146141595605
32 0.146065758873
33 0.146141595605
34 0.146474434595
35 0.146482860899
36 0.146141595605
37 0.146158448212
38 0.146230071792
39 0.146183727123
40 0.146322761131
41 0.145947790623
42 0.145716067276
43 0.146044693114
44 0.146369105801
45 0.146091037784
46 0.146141595605
47 0.1460109879
48 0.146133169301
49 0.14627220331
50 0.146192153426
51 0.146491287202
52 0.146116316694
53 0.146141595605
54 0.146482860899
55 0.1460109879
56 0.146027840507
57 0.146326974283
58 0.145994135293
59 0.1460109879
60 0.146061545721
61 0.14629748222
62 0.146053119418
63 0.146099464087
64 0.145846674981
65 0.145791904008
66 0.146099464087
67 0.146326974283
68 0.14634382689
69 0.146360679497
70 0.146444942533
71 0.146491287202
72 0.146453368836
73 0.146596615996
74 0.146588189693
75 0.146562910782
76 0.146204792881
77 0.146091037784
78 0.146158448212
79 0.146457581988
80 0.146326974283
81 0.146116316694
82 0.146263777006
83 0.146499713506
84 0.146107890391
85 0.146107890391
86 0.146150021908
87 0.146305908524
88 0.146326974283
89 0.146116316694
90 0.146280629613
91 0.146457581988
92 0.146246924399
93 0.146196366578
94 0.146196366578
95 0.146305908524
96 0.146305908524
97 0.146613468604
98 0.146588189693
99 0.146352253194
100 0.146238498096
101 0.145850888132
102 0.146196366578
103 0.146171087667
104 0.14627220331
105 0.145029323536
106 0.145176783848
107 0.145185210152
108 0.150064039907
109 0.156607064613
110 0.159981799184
111 0.163171155078
112 0.164161245745
113 0.165286157269
114 0.166958778523
115 0.168551349894
116 0.169802655971
117 0.171032896289
118 0.172052479019
119 0.173358556069
120 0.174504533351
121 0.176101317874
122 0.177120900603
123 0.178077286056
124 0.17998584381
125 0.180609390273
126 0.182353635107
127 0.18416529037
128 0.18570730392
129 0.190303852506
130 0.193960868246
131 0.196442414642
132 0.196939566551
133 0.145185210152
134 0.145446425562
135 0.145261046884
136 0.145315817857
137 0.145307391553
138 0.145446425562
139 0.145315817857
140 0.145277899491
141 0.14499140517
142 0.145105160268
143 0.145235767973
144 0.145315817857
145 0.145471704473
146 0.145471704473
147 0.1454169335
148 0.145290538946
149 0.145235767973
150 0.145421146651
151 0.145395867741
152 0.145269473188
153 0.145366375678
154 0.145185210152
155 0.144763894975
156 0.145054602447
157 0.145446425562
158 0.145391654589
159 0.145408507196
160 0.144835518555
161 0.145235767973
162 0.145286325795
163 0.145446425562
164 0.145185210152
165 0.145235767973
166 0.145471704473
167 0.145113586572
168 0.145244194277
169 0.145290538946
170 0.145341096768
171 0.144810239644
172 0.145130439179
173 0.145159931241
174 0.145168357545
175 0.145332670464
176 0.145147291786
177 0.144940847349
