1 0.154125518218
2 0.160571640433
3 0.166170919141
4 0.168829417911
5 0.170952846405
6 0.17236425225
7 0.175751626277
8 0.177980383565
9 0.179530823418
10 0.182690687249
11 0.186461458088
12 0.189760355927
13 0.193939802487
14 0.198447874886
15 0.199016650376
16 0.20757356163
17 0.211180019549
18 0.216370622535
19 0.218721561226
20 0.219008055546
21 0.230501533587
22 0.237373184132
23 0.24076477131
24 0.245538272271
25 0.248761333378
26 0.253905591695
27 0.257979709461
28 0.258266203782
29 0.258346253665
30 0.260254811419
31 0.27583083353
32 0.276138393609
33 0.289005359129
34 0.288996932826
35 0.29684182143
36 0.296964002831
37 0.305558832451
38 0.305739997978
39 0.314848832114
40 0.314979439819
41 0.323313054029
42 0.323161380566
43 0.323085543834
44 0.323275135663
45 0.323544777377
46 0.323797566484
47 0.341648690552
48 0.352417506488
49 0.359002662712
50 0.359036367926
51 0.363835147797
52 0.382111800195
53 0.381644140349
54 0.381564090465
55 0.397557214601
56 0.397826856315
57 0.397759445886
58 0.410436819576
59 0.41177660184
60 0.412020964643
61 0.411785028144
62 0.411102497556
63 0.411174121137
64 0.41099295561
65 0.410950824092
66 0.410946610941
67 0.411077218646
68 0.410866561057
69 0.421016043682
70 0.421155077691
71 0.4210581752
72 0.421285685396
73 0.421264619637
74 0.421235127574
75 0.420898075432
76 0.421188782905
77 0.421214061815
78 0.420872796522
79 0.4210581752
80 0.421310964306
81 0.421180356601
82 0.420898075432
83 0.420409349826
84 0.420733762513
85 0.420544170683
86 0.420472547103
87 0.42063264687
88 0.420577875897
89 0.420413562978
90 0.420763254575
91 0.421032896289
92 0.421677508511
93 0.421230914422
94 0.421235127574
95 0.421289898547
96 0.420969699012
97 0.421289898547
98 0.421289898547
99 0.421079240959
100 0.421378374735
101 0.421171930298
102 0.421256193333
103 0.420914928039
104 0.420552596987
105 0.420552596987
106 0.42079695979
107 0.420577875897
108 0.420506252317
109 0.4210581752
110 0.421285685396
111 0.420978125316
112 0.420919141191
113 0.420733762513
114 0.42089386228
115 0.420733762513
116 0.420603154808
117 0.42079695979
118 0.420935993798
119 0.420919141191
120 0.420839091307
121 0.420737975665
122 0.42089386228
123 0.420763254575
124 0.420737975665
125 0.420737975665
126 0.420737975665
127 0.420737975665
128 0.421146651387
129 0.421180356601
130 0.420898075432
131 0.420872796522
132 0.420927567495
133 0.420902288584
134 0.420902288584
135 0.420902288584
136 0.42079695979
137 0.420771680879
138 0.421285685396
139 0.420839091307
140 0.420611581112
141 0.42079695979
142 0.420927567495
143 0.420708483602
144 0.42079695979
145 0.420771680879
146 0.420788533486
147 0.42112979878
148 0.420775894031
149 0.421218274967
150 0.421466850922
151 0.421323603762
152 0.421449998315
153 0.421230914422
154 0.42131939061
155 0.421310964306
156 0.421677508511
157 0.421702787421
158 0.421420506252
159 0.421134011932
160 0.42079695979
161 0.420927567495
162 0.420902288584
163 0.420902288584
164 0.420902288584
165 0.420767467727
166 0.420927567495
167 0.421285685396
168 0.421264619637
169 0.420809599245
170 0.421028683137
171 0.4210581752
172 0.421188782905
173 0.421108733021
174 0.421032896289
175 0.421032896289
176 0.42112979878
177 0.421399440493
