1 0.18929269608
2 0.195721965688
3 0.201051602683
4 0.203613198962
5 0.205980990259
6 0.207375543497
7 0.210716572854
8 0.212856853955
9 0.213303448043
10 0.214390441201
11 0.219214499983
12 0.221245239138
13 0.228622467896
14 0.233383329401
15 0.235447773771
16 0.243073578483
17 0.248420068085
18 0.255194816138
19 0.258485287674
20 0.258502140281
21 0.265276888335
22 0.273193400519
23 0.282917354815
24 0.282807812869
25 0.289515150494
26 0.295784320334
27 0.301644814453
28 0.301674306515
29 0.301859685193
30 0.302411608076
31 0.302643331423
32 0.314819340052
33 0.326574033503
34 0.326633017628
35 0.34214162931
36 0.343742626984
37 0.34527621423
38 0.355594222926
39 0.355497320435
40 0.366093397149
41 0.366207152246
42 0.369227982069
43 0.376226027166
44 0.376596784523
45 0.37656729246
46 0.376988607638
47 0.377616367252
48 0.377245609896
49 0.385553945195
50 0.391486062894
51 0.409273989686
52 0.408915871785
53 0.40883160875
54 0.425347163706
55 0.434704573798
56 0.434776197378
57 0.434620310762
58 0.450845158246
59 0.451207489299
60 0.451241194513
61 0.451460278405
62 0.451346523307
63 0.451565607199
64 0.451540328289
65 0.451696214904
66 0.451565607199
67 0.451696214904
68 0.455875661465
69 0.455875661465
70 0.455997842866
71 0.455909366679
72 0.456250631973
73 0.456073679598
74 0.456153729482
75 0.456153729482
76 0.456048400688
77 0.455989416563
78 0.456098958509
79 0.456098958509
80 0.455753480063
81 0.455858808858
82 0.455812464188
83 0.455909366679
84 0.455837743099
85 0.455997842866
86 0.455757693215
87 0.456014695473
88 0.456039974384
89 0.455884087768
90 0.456406518588
91 0.456326468705
92 0.45586302201
93 0.456145303178
94 0.455850382554
95 0.455622872358
96 0.455547035626
97 0.455702922242
98 0.455728201153
99 0.455677643331
100 0.45562708551
101 0.455631298662
102 0.45567343018
103 0.45548383835
104 0.45567343018
105 0.455728201153
106 0.45567343018
107 0.45548383835
108 0.455833529947
109 0.455858808858
110 0.455736627456
111 0.455926219286
112 0.455871448313
113 0.45562708551
114 0.455867235161
115 0.455997842866
116 0.456153729482
117 0.455997842866
118 0.455778758974
119 0.455875661465
120 0.455917792983
121 0.455711348546
122 0.456136876875
123 0.456014695473
124 0.456039974384
125 0.455917792983
126 0.455841956251
127 0.455997842866
128 0.455867235161
129 0.455841956251
130 0.455909366679
131 0.456389665981
132 0.456212713607
133 0.45586302201
134 0.455909366679
135 0.455968350804
136 0.456014695473
137 0.456145303178
138 0.456014695473
139 0.455985203411
140 0.456284337187
141 0.456553978901
142 0.456684586606
143 0.456313829249
144 0.456423371196
145 0.456440223803
146 0.456448650106
147 0.456398092285
148 0.456553978901
149 0.456423371196
150 0.456524486838
151 0.456082105902
152 0.456191647848
153 0.456162155786
154 0.456322255553
155 0.456191647848
156 0.456166368937
157 0.456166368937
158 0.456347534464
159 0.456179008393
160 0.455900940375
161 0.455820890492
162 0.456061040143
163 0.455711348546
164 0.455930432438
165 0.45581667734
166 0.455900940375
167 0.455837743099
168 0.455930432438
169 0.45603154808
170 0.45581667734
171 0.455559675082
172 0.455580740841
173 0.455825103644
174 0.455669217028
175 0.45577033267
176 0.455580740841
177 0.455799824733
