1 0.318518518519
2 0.319095477387
3 0.299251870324
4 0.309226932668
5 0.327455919395
6 0.295285359801
7 0.3025
8 0.145363408521
9 0.3425
10 0.2975
11 0.268844221106
12 0.278894472362
13 0.275689223058
14 0.261845386534
15 0.26368159204
16 0.274314214464
17 0.285714285714
18 0.258145363409
19 0.2625
20 0.263819095477
21 0.273182957393
22 0.295739348371
23 0.279301745636
24 0.267002518892
25 0.298994974874
26 0.317380352645
27 0.270886075949
28 0.267326732673
29 0.261306532663
30 0.321608040201
31 0.263157894737
32 0.280701754386
33 0.27959697733
34 0.28320802005
35 0.271820448878
36 0.27135678392
37 0.282115869018
38 0.267990074442
39 0.296758104738
40 0.277078085642
41 0.278606965174
42 0.273182957393
43 0.261845386534
44 0.26433915212
45 0.265
46 0.260651629073
47 0.295
48 0.291770573566
49 0.2625
50 0.256926952141
51 0.28391959799
52 0.261845386534
53 0.263819095477
54 0.270676691729
55 0.266331658291
56 0.278195488722
57 0.265664160401
58 0.261306532663
59 0.288944723618
60 0.261845386534
61 0.280701754386
62 0.251256281407
63 0.260651629073
64 0.261194029851
65 0.260651629073
66 0.260101010101
67 0.261194029851
68 0.267676767677
69 0.260101010101
70 0.294264339152
71 0.27135678392
72 0.256281407035
73 0.2625
74 0.260651629073
75 0.261845386534
76 0.261306532663
77 0.258145363409
78 0.258793969849
79 0.264483627204
80 0.279301745636
81 0.263157894737
82 0.256281407035
83 0.26
84 0.2575
85 0.256926952141
86 0.260651629073
87 0.261845386534
88 0.259445843829
89 0.2625
90 0.260651629073
91 0.311720698254
92 0.273182957393
93 0.292191435768
94 0.260545905707
95 0.2575
96 0.258706467662
97 0.2625
98 0.255639097744
99 0.258145363409
100 0.2575
101 0.28320802005
102 0.268844221106
103 0.258706467662
104 0.261845386534
105 0.258145363409
106 0.256926952141
107 0.2625
108 0.258793969849
109 0.2625
110 0.2625
111 0.301507537688
112 0.265
113 0.26
114 0.260651629073
115 0.258793969849
116 0.258145363409
117 0.266169154229
118 0.258793969849
119 0.26
120 0.269521410579
121 0.2575
122 0.251889168766
123 0.264197530864
124 0.26
125 0.256281407035
126 0.261845386534
127 0.258793969849
128 0.261845386534
129 0.265508684864
130 0.256926952141
131 0.258793969849
132 0.27135678392
133 0.267002518892
134 0.260651629073
135 0.259351620948
136 0.260651629073
137 0.258793969849
138 0.26433915212
139 0.258145363409
140 0.259351620948
141 0.2775
142 0.266169154229
143 0.26
144 0.2575
145 0.265508684864
146 0.258145363409
147 0.260651629073
148 0.266666666667
149 0.258145363409
150 0.26368159204
151 0.272040302267
152 0.270676691729
153 0.263027295285
154 0.256281407035
155 0.266666666667
156 0.256926952141
157 0.258145363409
158 0.259351620948
159 0.256281407035
160 0.290726817043
161 0.2625
162 0.256926952141
163 0.2575
164 0.261194029851
165 0.26
166 0.26
167 0.2625
168 0.261194029851
169 0.256281407035
170 0.261845386534
171 0.273182957393
172 0.258145363409
173 0.258793969849
174 0.26368159204
175 0.258145363409
176 0.261306532663
177 0.265508684864
178 0.2625
179 0.259445843829
