1 0.189317974991
2 0.195747244599
3 0.201241194513
4 0.204005022077
5 0.205677643331
6 0.207371330345
7 0.210291044525
8 0.213025380026
9 0.214487343692
10 0.218397148539
11 0.2215106677
12 0.22884576494
13 0.233155819205
14 0.234693619603
15 0.243212612491
16 0.248331591897
17 0.251912770906
18 0.258194580202
19 0.258042906738
20 0.260739323873
21 0.272801577404
22 0.279340388958
23 0.2825255317
24 0.288322828542
25 0.294410832856
26 0.298198456301
27 0.300494624018
28 0.300486197715
29 0.300941218106
30 0.300650510634
31 0.322297684452
32 0.324581212714
33 0.326864740975
34 0.340254137315
35 0.339938150932
36 0.351473760491
37 0.351427415821
38 0.358598200142
39 0.362187805454
40 0.363363274799
41 0.372063433213
42 0.371856988776
43 0.371903333446
44 0.372092925276
45 0.372375206444
46 0.372939768782
47 0.37891823115
48 0.384732380599
49 0.405166166706
50 0.404829114564
51 0.405393676902
52 0.418711449661
53 0.431060197513
54 0.430710505915
55 0.430735784826
56 0.44643820149
57 0.447019616435
58 0.44698591122
59 0.447200781961
60 0.447230274023
61 0.447061747952
62 0.44722184772
63 0.447352455425
64 0.447112305774
65 0.446872156123
66 0.455711348546
67 0.455943071893
68 0.456094745357
69 0.456216926759
70 0.455795611581
71 0.455694495939
72 0.455833529947
73 0.455517543564
74 0.455702922242
75 0.455850382554
76 0.455808251036
77 0.456069466446
78 0.456288550339
79 0.456296976642
80 0.455867235161
81 0.455774545822
82 0.455930432438
83 0.455799824733
84 0.455774545822
85 0.455900940375
86 0.455930432438
87 0.456052613839
88 0.455980990259
89 0.456170582089
90 0.45548383835
91 0.45524790185
92 0.455408001618
93 0.455538609323
94 0.455408001618
95 0.455530183019
96 0.455513330412
97 0.455513330412
98 0.455547035626
99 0.455808251036
100 0.456225353062
101 0.456275910883
102 0.456094745357
103 0.456225353062
104 0.455985203411
105 0.456225353062
106 0.456355960767
107 0.456330681856
108 0.456250631973
109 0.456288550339
110 0.45633910816
111 0.456162155786
112 0.455951498197
113 0.456191647848
114 0.456322255553
115 0.455951498197
116 0.455951498197
117 0.455639724965
118 0.455429067377
119 0.455686069635
120 0.455403788466
121 0.45555546193
122 0.455408001618
123 0.455382722707
124 0.455580740841
125 0.45548383835
126 0.455538609323
127 0.455702922242
128 0.456069466446
129 0.45603154808
130 0.456061040143
131 0.456191647848
132 0.45607789275
133 0.455930432438
134 0.45607789275
135 0.455947285045
136 0.455787185278
137 0.456098958509
138 0.456301189794
139 0.456250631973
140 0.456170582089
141 0.456275910883
142 0.456128450571
143 0.456103171661
144 0.456259058276
145 0.455812464188
146 0.455884087768
147 0.456233779366
148 0.456065253295
149 0.456225353062
150 0.456355960767
151 0.456225353062
152 0.456065253295
153 0.456355960767
154 0.456726718123
155 0.456452863258
156 0.45600626917
157 0.455900940375
158 0.455841956251
159 0.455900940375
160 0.455930432438
161 0.456191647848
162 0.455820890492
163 0.455900940375
164 0.455711348546
165 0.45567343018
166 0.455513330412
167 0.455858808858
168 0.455542822475
169 0.455416427921
170 0.455572314537
171 0.45522262294
172 0.455542822475
173 0.455597593448
174 0.455669217028
175 0.456136876875
176 0.456259058276
177 0.456018908625
