1 0.314356435644
2 0.317380352645
3 0.29648241206
4 0.314356435644
5 0.32241813602
6 0.286432160804
7 0.304020100503
8 0.276649746193
9 0.321608040201
10 0.589147286822
11 0.491094147583
12 0.391304347826
13 0.477157360406
14 0.472081218274
15 0.296202531646
16 0.476309226933
17 0.457142857143
18 0.471794871795
19 0.432569974555
20 0.271540469974
21 0.2734375
22 0.2734375
23 0.27012987013
24 0.280519480519
25 0.272020725389
26 0.272727272727
27 0.279487179487
28 0.295629820051
29 0.35368956743
30 0.389447236181
31 0.2625
32 0.492346938776
33 0.366666666667
34 0.535064935065
35 0.448717948718
36 0.443005181347
37 0.53470437018
38 0.465
39 0.390862944162
40 0.26368159204
41 0.260651629073
42 0.269521410579
43 0.280519480519
44 0.285347043702
45 0.274151436031
46 0.283163265306
47 0.272727272727
48 0.270833333333
49 0.270833333333
50 0.268229166667
51 0.272727272727
52 0.33676092545
53 0.516209476309
54 0.526854219949
55 0.276381909548
56 0.488778054863
57 0.505
58 0.3575
59 0.517326732673
60 0.47
61 0.4025
62 0.440298507463
63 0.256281407035
64 0.255639097744
65 0.258145363409
66 0.261845386534
67 0.262626262626
68 0.265625
69 0.272251308901
70 0.295629820051
71 0.28165374677
72 0.351620947631
73 0.4225
74 0.484536082474
75 0.542635658915
76 0.354430379747
77 0.256857855362
78 0.255639097744
79 0.261306532663
80 0.26368159204
81 0.407216494845
82 0.454780361757
83 0.272727272727
84 0.275324675325
85 0.271540469974
86 0.279487179487
87 0.256857855362
88 0.256857855362
89 0.258145363409
90 0.269720101781
91 0.258064516129
92 0.345771144279
93 0.511221945137
94 0.291770573566
95 0.306532663317
96 0.503797468354
97 0.533854166667
98 0.5078125
99 0.341708542714
100 0.53664921466
101 0.535064935065
102 0.445012787724
103 0.278350515464
104 0.2734375
105 0.291139240506
106 0.27012987013
107 0.272727272727
108 0.279792746114
109 0.272727272727
110 0.268229166667
111 0.272727272727
112 0.299232736573
113 0.260651629073
114 0.261845386534
115 0.258145363409
116 0.259351620948
117 0.258706467662
118 0.258793969849
119 0.454780361757
120 0.512376237624
121 0.510050251256
122 0.412658227848
123 0.272020725389
124 0.276485788114
125 0.280205655527
126 0.276485788114
127 0.270833333333
128 0.27763496144
129 0.275324675325
130 0.273901808786
131 0.277202072539
132 0.382278481013
133 0.437659033079
134 0.26
135 0.261194029851
136 0.258793969849
137 0.256281407035
138 0.260651629073
139 0.261845386534
140 0.335025380711
141 0.532467532468
142 0.421593830334
143 0.266318537859
144 0.271540469974
145 0.27763496144
146 0.276485788114
147 0.274611398964
148 0.283163265306
149 0.2734375
150 0.273901808786
151 0.275324675325
152 0.386768447837
153 0.50626566416
154 0.271820448878
155 0.258793969849
156 0.2575
157 0.26368159204
158 0.267990074442
159 0.259351620948
160 0.26368159204
161 0.2625
162 0.259541984733
163 0.273195876289
164 0.268229166667
165 0.27012987013
166 0.272020725389
167 0.268229166667
168 0.270833333333
169 0.282051282051
170 0.275064267352
171 0.27012987013
172 0.268929503916
173 0.437185929648
174 0.5075
175 0.503740648379
176 0.373134328358
177 0.26
178 0.256281407035
179 0.2625
