1 0.189065185884
2 0.195625063197
3 0.201165357781
4 0.203541575382
5 0.205639724965
6 0.207434527621
7 0.207855842799
8 0.210716572854
9 0.213092790455
10 0.214154504702
11 0.217280663319
12 0.221696046378
13 0.225256159628
14 0.231752839664
15 0.23378357882
16 0.238274798611
17 0.245791061377
18 0.248925646297
19 0.252190838923
20 0.252165560012
21 0.262508847619
22 0.270117799724
23 0.275080892514
24 0.279816475109
25 0.282154774344
26 0.284324547507
27 0.284370892177
28 0.284632107587
29 0.299218039031
30 0.300524116081
31 0.313921938724
32 0.313833462537
33 0.32191428764
34 0.321602514409
35 0.329228319121
36 0.329695978968
37 0.336142101183
38 0.340224645253
39 0.344147089555
40 0.344319828778
41 0.344067039671
42 0.344703225589
43 0.344875964812
44 0.365625737302
45 0.377822811689
46 0.38124389093
47 0.381151201591
48 0.386278607301
49 0.402844720078
50 0.402861572685
51 0.402945835721
52 0.417346388486
53 0.417203141326
54 0.416701776265
55 0.425574673902
56 0.431966025144
57 0.432025009269
58 0.431974451448
59 0.44553658701
60 0.445330142573
61 0.445460750278
62 0.445486029189
63 0.445330142573
64 0.445170042806
65 0.445199534868
66 0.445174255957
67 0.445191108564
68 0.445469176582
69 0.445271158448
70 0.445241666386
71 0.445460750278
72 0.4452753716
73 0.445633489501
74 0.445405979305
75 0.45234925343
76 0.452260777242
77 0.451965856618
78 0.452281843001
79 0.451911085645
80 0.451965856618
81 0.451696214904
82 0.451755199029
83 0.452062759109
84 0.452071185412
85 0.451902659341
86 0.452079611716
87 0.451999561832
88 0.452079611716
89 0.452307121912
90 0.45223128518
91 0.452471434831
92 0.452602042536
93 0.452471434831
94 0.45244615592
95 0.45223128518
96 0.452180727359
97 0.452496713742
98 0.452724223937
99 0.452429303313
100 0.452568337322
101 0.452328187671
102 0.452568337322
103 0.452698945027
104 0.452538845259
105 0.452568337322
106 0.451932151404
107 0.451940577707
108 0.452243924635
109 0.452109103778
110 0.452210219421
111 0.452045906502
112 0.452016414439
113 0.452071185412
114 0.452210219421
115 0.452096464323
116 0.451911085645
117 0.452058545957
118 0.452218645724
119 0.451860527824
120 0.452210219421
121 0.452079611716
122 0.452054332805
123 0.452054332805
124 0.452210219421
125 0.452079611716
126 0.452071185412
127 0.452121743234
128 0.452315548215
129 0.452572550474
130 0.452361892885
131 0.452602042536
132 0.453019144562
133 0.452509353197
134 0.452783208062
135 0.452589403081
136 0.45244615592
137 0.452602042536
138 0.452471434831
139 0.452357679733
140 0.452441942769
141 0.452471434831
142 0.452602042536
143 0.452366106037
144 0.452311335064
145 0.452252350939
146 0.452471434831
147 0.452602042536
148 0.452576763625
149 0.452576763625
150 0.452361892885
151 0.452572550474
152 0.452602042536
153 0.452766355455
154 0.452774781759
155 0.452774781759
156 0.452652600357
157 0.452576763625
158 0.45244615592
159 0.452602042536
160 0.452441942769
161 0.452471434831
162 0.452441942769
163 0.452357679733
164 0.452627321447
165 0.452189153662
166 0.451759412181
167 0.451982709225
168 0.452007988136
169 0.451953217163
170 0.451982709225
171 0.451763625333
172 0.452007988136
173 0.451919511948
174 0.452382958644
175 0.452479861135
176 0.452585189929
177 0.452437729617
