1 0.154251912771
2 0.160820216387
3 0.166208837507
4 0.168728302268
5 0.170948633254
6 0.172663386026
7 0.175894873437
8 0.177870841619
9 0.181498365297
10 0.181397249655
11 0.181245576191
12 0.18152785736
13 0.181658465065
14 0.18152785736
15 0.181502578449
16 0.181367757592
17 0.181178165762
18 0.181367757592
19 0.181178165762
20 0.183676564765
21 0.187211399103
22 0.190034210792
23 0.194142033773
24 0.196109575651
25 0.203398328221
26 0.210476423203
27 0.213956486568
28 0.217200613435
29 0.217731470558
30 0.230172907749
31 0.23653898008
32 0.238498095655
33 0.244358589774
34 0.24981040817
35 0.25531699754
36 0.254971519094
37 0.254899895514
38 0.25541390003
39 0.267551990293
40 0.278097509185
41 0.278350298291
42 0.292253699147
43 0.292489635647
44 0.295042805622
45 0.302655970879
46 0.303485961778
47 0.313184637163
48 0.313281539654
49 0.322179716202
50 0.322124945229
51 0.3222934713
52 0.322179716202
53 0.322356668577
54 0.322748491692
55 0.341084128215
56 0.348499275338
57 0.360957565135
58 0.361113451751
59 0.361303043581
60 0.376600997674
61 0.385406484883
62 0.385431763794
63 0.385928915703
64 0.393727459638
65 0.403653645219
66 0.403501971755
67 0.40351461121
68 0.403758974013
69 0.403539890121
70 0.403468266541
71 0.403384003505
72 0.403333445684
73 0.403480905996
74 0.420573662746
75 0.42089386228
76 0.420552596987
77 0.420818025549
78 0.420818025549
79 0.420771680879
80 0.420957059557
81 0.421087667262
82 0.420957059557
83 0.420931780646
84 0.420927567495
85 0.421087667262
86 0.421184569753
87 0.421159290842
88 0.42112979878
89 0.421188782905
90 0.421218274967
91 0.421075027807
92 0.421218274967
93 0.421348882672
94 0.421374161583
95 0.42112979878
96 0.42112979878
97 0.42120142236
98 0.42120142236
99 0.421323603762
100 0.421416293101
101 0.420999191075
102 0.421104519869
103 0.42112979878
104 0.421218274967
105 0.421163503994
106 0.421062388351
107 0.421399440493
108 0.421159290842
109 0.421053962048
110 0.421024469986
111 0.421053962048
112 0.421024469986
113 0.42094020695
114 0.421184569753
115 0.420813812397
116 0.421454211467
117 0.421707000573
118 0.421504769288
119 0.421407866797
120 0.421382587886
121 0.421487916681
122 0.421251980181
123 0.42120142236
124 0.421070814655
125 0.421070814655
126 0.420582089049
127 0.420573662746
128 0.420826451852
129 0.420818025549
130 0.420737975665
131 0.420826451852
132 0.42079695979
133 0.420843304459
134 0.420826451852
135 0.42086858337
136 0.42079695979
137 0.421112946173
138 0.421007617378
139 0.420990764771
140 0.420919141191
141 0.420788533486
142 0.420590515353
143 0.42063264687
144 0.420771680879
145 0.420746401968
146 0.42060736796
147 0.420931780646
148 0.421235127574
149 0.420927567495
150 0.421020256834
151 0.421062388351
152 0.421104519869
153 0.420801172941
154 0.420931780646
155 0.420906501736
156 0.421053962048
157 0.421298324851
158 0.420965485861
159 0.42089386228
160 0.42086858337
161 0.420948633254
162 0.420973912164
163 0.420712696754
164 0.420662138933
165 0.420662138933
166 0.421087667262
167 0.42072533621
168 0.420957059557
169 0.421087667262
170 0.421218274967
171 0.421138225083
172 0.421399440493
173 0.420973912164
174 0.420771680879
175 0.421348882672
176 0.421112946173
177 0.421243553878
