1 0.308860759494
2 0.322580645161
3 0.293233082707
4 0.305764411028
5 0.319899244332
6 0.287878787879
7 0.313432835821
8 0.290726817043
9 0.345864661654
10 0.549367088608
11 0.487046632124
12 0.396464646465
13 0.4725
14 0.472868217054
15 0.271820448878
16 0.496103896104
17 0.487179487179
18 0.488431876607
19 0.483116883117
20 0.298994974874
21 0.335012594458
22 0.501278772379
23 0.40306122449
24 0.436868686869
25 0.514066496164
26 0.438461538462
27 0.448362720403
28 0.521628498728
29 0.335858585859
30 0.2625
31 0.26
32 0.347715736041
33 0.51364764268
34 0.453400503778
35 0.305
36 0.512437810945
37 0.516129032258
38 0.379052369077
39 0.508771929825
40 0.4175
41 0.462871287129
42 0.508771929825
43 0.368421052632
44 0.509852216749
45 0.51
46 0.371859296482
47 0.259351620948
48 0.261845386534
49 0.258793969849
50 0.261194029851
51 0.367758186398
52 0.515151515152
53 0.528535980149
54 0.426433915212
55 0.26368159204
56 0.424936386768
57 0.521739130435
58 0.535248041775
59 0.381313131313
60 0.447236180905
61 0.5075
62 0.505
63 0.329974811083
64 0.261194029851
65 0.26
66 0.265
67 0.265
68 0.257575757576
69 0.305764411028
70 0.531413612565
71 0.538860103627
72 0.530612244898
73 0.404522613065
74 0.258145363409
75 0.26
76 0.260651629073
77 0.261306532663
78 0.261845386534
79 0.2625
80 0.35175879397
81 0.530456852792
82 0.536269430052
83 0.458762886598
84 0.263027295285
85 0.256926952141
86 0.260651629073
87 0.2625
88 0.260651629073
89 0.260651629073
90 0.256926952141
91 0.261845386534
92 0.401515151515
93 0.507537688442
94 0.51364764268
95 0.26433915212
96 0.256281407035
97 0.265
98 0.258793969849
99 0.258793969849
100 0.263157894737
101 0.26
102 0.377833753149
103 0.537084398977
104 0.466666666667
105 0.265
106 0.261845386534
107 0.258793969849
108 0.26433915212
109 0.2625
110 0.260651629073
111 0.256281407035
112 0.417948717949
113 0.537084398977
114 0.334170854271
115 0.26368159204
116 0.259445843829
117 0.264851485149
118 0.258793969849
119 0.26
120 0.26433915212
121 0.26
122 0.495
123 0.508684863524
124 0.278894472362
125 0.256926952141
126 0.266169154229
127 0.261194029851
128 0.261306532663
129 0.257575757576
130 0.26368159204
131 0.2625
132 0.257575757576
133 0.388059701493
134 0.527272727273
135 0.299748110831
136 0.256926952141
137 0.264851485149
138 0.258793969849
139 0.257575757576
140 0.26433915212
141 0.277078085642
142 0.258793969849
143 0.515384615385
144 0.404522613065
145 0.256857855362
146 0.26
147 0.258145363409
148 0.256281407035
149 0.26368159204
150 0.2575
151 0.256281407035
152 0.327455919395
153 0.520408163265
154 0.291044776119
155 0.26
156 0.255639097744
157 0.266169154229
158 0.26
159 0.260651629073
160 0.261845386534
161 0.260651629073
162 0.449871465296
163 0.324937027708
164 0.258145363409
165 0.258793969849
166 0.26433915212
167 0.256926952141
168 0.261845386534
169 0.26433915212
170 0.261845386534
171 0.258145363409
172 0.2625
173 0.454081632653
174 0.258706467662
175 0.26
176 0.26
177 0.258793969849
178 0.255639097744
179 0.2575
