1 0.296954314721
2 0.330864197531
3 0.293233082707
4 0.31017369727
5 0.325814536341
6 0.29
7 0.308457711443
8 0.295739348371
9 0.221662468514
10 0.0175
11 0.0223880597015
12 0.0175438596491
13 0.0125313283208
14 0.0176322418136
15 0.015
16 0.0125628140704
17 0.015037593985
18 0.015037593985
19 0.0125944584383
20 0.0175
21 0.0175
22 0.0125944584383
23 0.015
24 0.015037593985
25 0.0151133501259
26 0.0224438902743
27 0.0150753768844
28 0.0199501246883
29 0.0175438596491
30 0.0174563591022
31 0.0175438596491
32 0.0175438596491
33 0.0175
34 0.0125944584383
35 0.0175
36 0.0175
37 0.0150753768844
38 0.0175
39 0.0150753768844
40 0.0223325062035
41 0.0175
42 0.0224438902743
43 0.015037593985
44 0.015037593985
45 0.0125944584383
46 0.0125313283208
47 0.015037593985
48 0.0175879396985
49 0.02
50 0.0125313283208
51 0.0125944584383
52 0.02
53 0.0125628140704
54 0.0126262626263
55 0.0125628140704
56 0.0175
57 0.0200501253133
58 0.0175438596491
59 0.0125313283208
60 0.0151133501259
61 0.0149625935162
62 0.0175
63 0.0125313283208
64 0.0150753768844
65 0.015
66 0.0126262626263
67 0.015
68 0.0100755667506
69 0.0175
70 0.02
71 0.0150753768844
72 0.0125
73 0.0125944584383
74 0.0175
75 0.0125628140704
76 0.0125313283208
77 0.0150753768844
78 0.0199501246883
79 0.015037593985
80 0.015037593985
81 0.0174563591022
82 0.0125628140704
83 0.0125944584383
84 0.0175
85 0.0125628140704
86 0.015
87 0.0223880597015
88 0.0150753768844
89 0.015037593985
90 0.0125313283208
91 0.0175
92 0.0175
93 0.0151133501259
94 0.015
95 0.0175879396985
96 0.0150753768844
97 0.015
98 0.0199501246883
99 0.0125628140704
100 0.0125944584383
101 0.015
102 0.0100755667506
103 0.0125944584383
104 0.0175
105 0.0125
106 0.0151133501259
107 0.0199501246883
108 0.015
109 0.0125944584383
110 0.0125313283208
111 0.0125628140704
112 0.015037593985
113 0.0125313283208
114 0.0150753768844
115 0.0175
116 0.015037593985
117 0.015037593985
118 0.015037593985
119 0.0125628140704
120 0.0125628140704
121 0.015037593985
122 0.0125628140704
123 0.0125313283208
124 0.0126262626263
125 0.0149625935162
126 0.015037593985
127 0.0125313283208
128 0.015037593985
129 0.0175
130 0.0125628140704
131 0.0175
132 0.015037593985
133 0.0223880597015
134 0.015037593985
135 0.015
136 0.0151133501259
137 0.0174563591022
138 0.0175
139 0.010101010101
140 0.0175438596491
141 0.015
142 0.0150753768844
143 0.015
144 0.010101010101
145 0.015
146 0.0100755667506
147 0.0125628140704
148 0.0199004975124
149 0.0175879396985
150 0.015037593985
151 0.0125
152 0.0151133501259
153 0.015
154 0.0175879396985
155 0.015
156 0.0223880597015
157 0.0101265822785
158 0.0174563591022
159 0.015037593985
160 0.0125628140704
161 0.0125628140704
162 0.0174563591022
163 0.015037593985
164 0.0125944584383
165 0.0125628140704
166 0.0175
167 0.015037593985
168 0.015037593985
169 0.0125628140704
170 0.0175
171 0.0150753768844
172 0.0125628140704
173 0.0125628140704
174 0.0174563591022
175 0.0125944584383
176 0.0125628140704
177 0.015037593985
178 0.015
179 0.0175438596491
